2.47291e-05 -0
3.65535e-05 0.00040008
0.000143035 0.00080032
0.000158012 0.00120072
0.00017291 0.00160128
0.000176355 0.002002
0.000190937 0.00240288
0.000194078 0.00280393
0.000205518 0.00320513
0.0002121 0.0036065
0.000258256 0.00400802
0.000324612 0.00440971
0.000361316 0.00481156
0.000370086 0.00521357
0.000379438 0.00561574
0.000398665 0.00601807
0.000408673 0.00642057
0.000422738 0.00682323
0.00042651 0.00722605
0.000428075 0.00762903
0.000434574 0.00803217
0.000435655 0.00843548
0.000439471 0.00883895
0.000444105 0.00924258
0.000561543 0.00964638
0.000621607 0.0100503
0.0006371 0.0104545
0.000726918 0.0108587
0.000732831 0.0112632
0.000733079 0.0116678
0.000754671 0.0120726
0.000756695 0.0124775
0.000802451 0.0128826
0.000844437 0.0132879
0.000888104 0.0136933
0.000905311 0.0140989
0.000906503 0.0145047
0.00091844 0.0149106
0.00101425 0.0153167
0.00104715 0.015723
0.00107011 0.0161294
0.00115509 0.016536
0.00116459 0.0169427
0.00120792 0.0173496
0.00124251 0.0177567
0.00126686 0.018164
0.00130332 0.0185714
0.00130745 0.018979
0.00141443 0.0193867
0.00144593 0.0197946
0.00145672 0.0202027
0.0014613 0.020611
0.00148351 0.0210194
0.00149587 0.0214279
0.00150275 0.0218367
0.00152993 0.0222456
0.00153322 0.0226547
0.00160103 0.0230639
0.00162956 0.0234734
0.00164999 0.0238829
0.00167195 0.0242927
0.00168666 0.0247026
0.00176911 0.0251127
0.00179991 0.025523
0.00181354 0.0259334
0.00187097 0.026344
0.00187627 0.0267547
0.00190703 0.0271657
0.0019394 0.0275768
0.00203196 0.027988
0.00203352 0.0283995
0.002048 0.0288111
0.00207391 0.0292229
0.00208554 0.0296348
0.00209605 0.0300469
0.00209645 0.0304592
0.00210643 0.0308717
0.00212004 0.0312843
0.00214117 0.0316971
0.00215003 0.0321101
0.00216203 0.0325232
0.00219997 0.0329365
0.00227871 0.03335
0.00229477 0.0337636
0.00232143 0.0341775
0.00235907 0.0345914
0.0023636 0.0350056
0.00238337 0.0354199
0.00239482 0.0358345
0.00240802 0.0362491
0.00243772 0.036664
0.00244212 0.037079
0.00245386 0.0374942
0.00254014 0.0379096
0.00254159 0.0383251
0.00266102 0.0387408
0.00266592 0.0391567
0.00270236 0.0395728
0.00271461 0.039989
0.00271512 0.0404054
0.00276583 0.040822
0.00277718 0.0412387
0.00285987 0.0416557
0.00288288 0.0420728
0.00288582 0.0424901
0.00289298 0.0429075
0.00292302 0.0433251
0.00303461 0.0437429
0.0030758 0.0441609
0.00324252 0.044579
0.00324784 0.0449974
0.00333226 0.0454159
0.00333246 0.0458345
0.0033429 0.0462534
0.00343887 0.0466724
0.00354446 0.0470916
0.00355772 0.047511
0.00361194 0.0479305
0.00362708 0.0483503
0.00367264 0.0487702
0.00369552 0.0491902
0.00372806 0.0496105
0.00373459 0.0500309
0.00374097 0.0504515
0.00386312 0.0508723
0.00387805 0.0512933
0.0039552 0.0517144
0.00398168 0.0521358
0.00398963 0.0525573
0.00401844 0.0529789
0.00404746 0.0534008
0.00408445 0.0538228
0.00410604 0.054245
0.00412634 0.0546674
0.00412876 0.05509
0.00413047 0.0555127
0.00413173 0.0559356
0.00418294 0.0563587
0.00419051 0.056782
0.00422321 0.0572055
0.00425892 0.0576291
0.00427951 0.0580529
0.0042852 0.0584769
0.00428995 0.0589011
0.00440988 0.0593255
0.00444693 0.05975
0.00447188 0.0601747
0.00450341 0.0605996
0.00452306 0.0610247
0.00453836 0.06145
0.0045915 0.0618754
0.00459556 0.062301
0.00463018 0.0627268
0.00463124 0.0631528
0.00467182 0.063579
0.00468369 0.0640053
0.00468456 0.0644319
0.00474797 0.0648586
0.00480771 0.0652855
0.00482288 0.0657125
0.00483802 0.0661398
0.00489531 0.0665672
0.00495379 0.0669949
0.00501584 0.0674227
0.0050616 0.0678507
0.00506855 0.0682788
0.00508533 0.0687072
0.00511686 0.0691357
0.00514484 0.0695645
0.00518192 0.0699934
0.00523098 0.0704225
0.00523788 0.0708517
0.00528652 0.0712812
0.00533393 0.0717108
0.00533899 0.0721407
0.00534285 0.0725707
0.00538185 0.0730009
0.0053945 0.0734313
0.00541916 0.0738618
0.00549212 0.0742926
0.00550511 0.0747235
0.00556589 0.0751547
0.00557519 0.075586
0.00558632 0.0760175
0.00560683 0.0764492
0.00564794 0.076881
0.005656 0.0773131
0.00571128 0.0777453
0.00574798 0.0781778
0.00577693 0.0786104
0.00578712 0.0790432
0.00581137 0.0794762
0.00587652 0.0799094
0.0059183 0.0803428
0.00597182 0.0807763
0.00600132 0.0812101
0.00601968 0.081644
0.0060498 0.0820781
0.00609471 0.0825124
0.00611463 0.0829469
0.00614326 0.0833816
0.00624613 0.0838165
0.00626487 0.0842516
0.00629855 0.0846868
0.00636244 0.0851223
0.00639347 0.0855579
0.00643675 0.0859937
0.00646942 0.0864297
0.00648205 0.0868659
0.00651293 0.0873023
0.00652401 0.0877389
0.00656163 0.0881757
0.0065721 0.0886127
0.00658764 0.0890498
0.00659288 0.0894872
0.00662731 0.0899247
0.00665407 0.0903624
0.00665683 0.0908004
0.00666327 0.0912385
0.00668899 0.0916768
0.00676097 0.0921153
0.00676399 0.092554
0.00684289 0.0929929
0.00685513 0.0934319
0.00701047 0.0938712
0.007057 0.0943107
0.00705731 0.0947503
0.00707164 0.0951902
0.00714867 0.0956302
0.0071672 0.0960705
0.00717317 0.0965109
0.00725503 0.0969515
0.0072605 0.0973923
0.00727394 0.0978334
0.00728353 0.0982746
0.0073364 0.098716
0.00737735 0.0991576
0.00741184 0.0995994
0.00743887 0.100041
0.00744175 0.100484
0.00746969 0.100926
0.00750996 0.101368
0.00753137 0.101811
0.00753144 0.102254
0.00754837 0.102697
0.0076043 0.103141
0.00765552 0.103584
0.00766601 0.104028
0.00766959 0.104472
0.00771016 0.104916
0.00773783 0.105361
0.00774568 0.105805
0.00776537 0.10625
0.00784594 0.106695
0.00787522 0.10714
0.00793571 0.107585
0.00796031 0.108031
0.00800304 0.108476
0.00801213 0.108922
0.00801682 0.109369
0.00802119 0.109815
0.00805904 0.110261
0.00812965 0.110708
0.00814234 0.111155
0.00816136 0.111602
0.00828253 0.11205
0.00830995 0.112497
0.00833667 0.112945
0.00833941 0.113393
0.00839074 0.113841
0.00844015 0.114289
0.00847745 0.114738
0.00857323 0.115186
0.0086164 0.115635
0.00861951 0.116084
0.00864487 0.116534
0.00873409 0.116983
0.00876289 0.117433
0.0088135 0.117883
0.00882421 0.118333
0.00884741 0.118784
0.00885692 0.119234
0.00886413 0.119685
0.00898921 0.120136
0.00904337 0.120587
0.00908592 0.121038
0.00910522 0.12149
0.00910751 0.121942
0.00927357 0.122394
0.00928569 0.122846
0.00930911 0.123298
0.00933148 0.123751
0.00937992 0.124204
0.00939939 0.124657
0.00941927 0.12511
0.00944911 0.125563
0.00944961 0.126017
0.00945259 0.126471
0.00947776 0.126925
0.00951427 0.127379
0.00952841 0.127833
0.00954795 0.128288
0.00957612 0.128743
0.00973682 0.129198
0.00980374 0.129653
0.00982931 0.130109
0.00984241 0.130564
0.00985013 0.13102
0.00989633 0.131476
0.00993945 0.131933
0.00999143 0.132389
0.00999619 0.132846
0.0100318 0.133303
0.0100346 0.13376
0.0100443 0.134217
0.0100943 0.134675
0.0102089 0.135133
0.0102538 0.135591
0.0102998 0.136049
0.0103064 0.136507
0.0103545 0.136966
0.0103678 0.137425
0.0104328 0.137884
0.0104509 0.138343
0.0104535 0.138802
0.010481 0.139262
0.0105358 0.139722
0.0105726 0.140182
0.0105797 0.140642
0.0106012 0.141103
0.0106955 0.141564
0.010708 0.142025
0.0107538 0.142486
0.0108008 0.142947
0.010809 0.143409
0.0108179 0.14387
0.0108584 0.144332
0.0109432 0.144795
0.0109968 0.145257
0.0110118 0.14572
0.0110205 0.146183
0.0110246 0.146646
0.0110653 0.147109
0.011091 0.147572
0.0111234 0.148036
0.0111325 0.1485
0.0112186 0.148964
0.0112304 0.149429
0.0113395 0.149893
0.0113523 0.150358
0.011381 0.150823
0.0114286 0.151288
0.011466 0.151754
0.011485 0.152219
0.0115137 0.152685
0.0115467 0.153151
0.0115517 0.153617
0.0115634 0.154084
0.0116042 0.154551
0.0116285 0.155018
0.0116417 0.155485
0.0117039 0.155952
0.0117477 0.15642
0.0117895 0.156888
0.0118093 0.157356
0.011831 0.157824
0.0118532 0.158293
0.0118874 0.158761
0.0118928 0.15923
0.0119162 0.159699
0.0119829 0.160169
0.0119905 0.160638
0.0120103 0.161108
0.0120483 0.161578
0.0120529 0.162048
0.0120592 0.162519
0.0120807 0.16299
0.0120958 0.163461
0.0121091 0.163932
0.0121119 0.164403
0.0121631 0.164875
0.0122242 0.165346
0.0122968 0.165818
0.0123785 0.166291
0.0124268 0.166763
0.0124441 0.167236
0.0124486 0.167709
0.0125781 0.168182
0.0126103 0.168655
0.0126393 0.169129
0.0126442 0.169603
0.0126874 0.170077
0.0126997 0.170551
0.0127253 0.171026
0.0127386 0.1715
0.0127512 0.171975
0.0127517 0.17245
0.0127521 0.172926
0.01276 0.173401
0.012787 0.173877
0.0127956 0.174353
0.0128652 0.17483
0.0128995 0.175306
0.0129117 0.175783
0.0129564 0.17626
0.0129718 0.176737
0.0130133 0.177215
0.0130852 0.177692
0.0131048 0.17817
0.0131058 0.178648
0.0132638 0.179127
0.0132754 0.179605
0.0132783 0.180084
0.0132979 0.180563
0.0133058 0.181042
0.0133104 0.181522
0.013391 0.182002
0.0134277 0.182482
0.0134606 0.182962
0.0134882 0.183442
0.0134942 0.183923
0.0135253 0.184404
0.0135529 0.184885
0.0135651 0.185366
0.0135695 0.185848
0.0135706 0.18633
0.0136017 0.186812
0.0136042 0.187294
0.0136275 0.187776
0.0136727 0.188259
0.0137136 0.188742
0.0137277 0.189225
0.0137676 0.189709
0.0137833 0.190192
0.0138141 0.190676
0.0138329 0.191161
0.0138549 0.191645
0.013856 0.192129
0.0138616 0.192614
0.013922 0.193099
0.0139356 0.193585
0.0139664 0.19407
0.0139763 0.194556
0.0139843 0.195042
0.0140224 0.195528
0.0140341 0.196015
0.01405 0.196502
0.0140842 0.196989
0.014089 0.197476
0.0140952 0.197963
0.0141011 0.198451
0.0141307 0.198939
0.0141432 0.199427
0.0141872 0.199915
0.014196 0.200404
0.0142042 0.200893
0.0142324 0.201382
0.0142416 0.201871
0.0142512 0.202361
0.014255 0.202851
0.0143365 0.203341
0.0143431 0.203831
0.0143456 0.204322
0.0143468 0.204813
0.0143856 0.205304
0.0144109 0.205795
0.0144387 0.206286
0.0144678 0.206778
0.0145591 0.20727
0.0145893 0.207762
0.014592 0.208255
0.0146191 0.208748
0.0146908 0.209241
0.014728 0.209734
0.0147528 0.210227
0.0147714 0.210721
0.0148007 0.211215
0.0148095 0.211709
0.0148104 0.212204
0.0148275 0.212698
0.0148782 0.213193
0.014889 0.213688
0.0149098 0.214184
0.0149349 0.214679
0.0149472 0.215175
0.0149674 0.215672
0.0149974 0.216168
0.0150779 0.216665
0.0151921 0.217161
0.015198 0.217659
0.0152019 0.218156
0.0152953 0.218654
0.0153045 0.219152
0.0153917 0.21965
0.0154014 0.220148
0.0154066 0.220647
0.0154719 0.221146
0.0155191 0.221645
0.0155243 0.222144
0.0155474 0.222644
0.0156654 0.223144
0.0156809 0.223644
0.0156816 0.224144
0.0157104 0.224645
0.0157275 0.225146
0.0157407 0.225647
0.0157765 0.226148
0.0157986 0.22665
0.0158541 0.227152
0.015866 0.227654
0.0158703 0.228156
0.01588 0.228659
0.0158819 0.229162
0.0158888 0.229665
0.015915 0.230168
0.0159404 0.230672
0.0159486 0.231176
0.0159807 0.23168
0.0159998 0.232184
0.0160834 0.232689
0.0161954 0.233194
0.0162773 0.233699
0.0163189 0.234204
0.0163472 0.23471
0.0164461 0.235216
0.0165939 0.235722
0.0166139 0.236229
0.0166779 0.236736
0.016705 0.237242
0.0167573 0.23775
0.0167681 0.238257
0.0168207 0.238765
0.0168294 0.239273
0.0169343 0.239781
0.0170462 0.24029
0.0170799 0.240798
0.0171148 0.241308
0.017179 0.241817
0.0171864 0.242326
0.0172391 0.242836
0.0172444 0.243346
0.017274 0.243857
0.0172758 0.244367
0.0172917 0.244878
0.0173206 0.245389
0.0173234 0.245901
0.0173299 0.246412
0.0173792 0.246924
0.0174114 0.247436
0.0175198 0.247949
0.0175608 0.248461
0.0175656 0.248974
0.0176088 0.249488
0.0176842 0.250001
0.0176881 0.250515
0.0177391 0.251029
0.0177599 0.251543
0.0177841 0.252058
0.0177977 0.252572
0.0178198 0.253087
0.0178211 0.253603
0.0178302 0.254118
0.0178471 0.254634
0.0178527 0.25515
0.017878 0.255667
0.0178854 0.256183
0.0179342 0.2567
0.0179701 0.257218
0.0180627 0.257735
0.0180739 0.258253
0.0181181 0.258771
0.018279 0.259289
0.018349 0.259808
0.0183767 0.260326
0.0183829 0.260845
0.0183985 0.261365
0.0184206 0.261884
0.018455 0.262404
0.0184889 0.262924
0.0185111 0.263445
0.018593 0.263966
0.0186405 0.264487
0.0186661 0.265008
0.0188112 0.265529
0.0188797 0.266051
0.0188996 0.266573
0.0189357 0.267095
0.018993 0.267618
0.0191229 0.268141
0.0191419 0.268664
0.0191616 0.269187
0.0191672 0.269711
0.0191706 0.270235
0.0192019 0.270759
0.0192091 0.271284
0.0192414 0.271809
0.0192669 0.272334
0.0192735 0.272859
0.019312 0.273385
0.0193349 0.273911
0.0193568 0.274437
0.0194547 0.274963
0.0194923 0.27549
0.0196774 0.276017
0.0196927 0.276544
0.0197229 0.277072
0.0197719 0.2776
0.0199703 0.278128
0.0200288 0.278656
0.0200889 0.279185
0.0200901 0.279714
0.0200985 0.280243
0.0201469 0.280773
0.020204 0.281302
0.0202371 0.281833
0.0202382 0.282363
0.0202766 0.282894
0.020288 0.283424
0.0202983 0.283956
0.020366 0.284487
0.0203834 0.285019
0.0204001 0.285551
0.0204029 0.286083
0.0204058 0.286616
0.020433 0.287149
0.0204445 0.287682
0.0204506 0.288216
0.0204776 0.288749
0.0204924 0.289283
0.0205637 0.289818
0.0206736 0.290352
0.0207104 0.290887
0.0207421 0.291422
0.0207445 0.291958
0.0207656 0.292494
0.0207845 0.29303
0.020809 0.293566
0.0208109 0.294103
0.0208617 0.29464
0.0209208 0.295177
0.0209304 0.295714
0.0209371 0.296252
0.0210977 0.29679
0.0212314 0.297328
0.0212411 0.297867
0.0212602 0.298406
0.0212667 0.298945
0.0212761 0.299485
0.021323 0.300025
0.0213265 0.300565
0.0213317 0.301105
0.0213319 0.301646
0.0213496 0.302187
0.0213556 0.302728
0.0213639 0.30327
0.0214051 0.303811
0.0214239 0.304354
0.0214489 0.304896
0.0215176 0.305439
0.0215616 0.305982
0.0216374 0.306525
0.0216403 0.307069
0.0216462 0.307613
0.0216502 0.308157
0.0216768 0.308701
0.021738 0.309246
0.0217405 0.309791
0.0217642 0.310337
0.0217644 0.310882
0.0219309 0.311428
0.0219361 0.311975
0.0219662 0.312521
0.0219714 0.313068
0.0219749 0.313615
0.0219993 0.314163
0.0220367 0.314711
0.0220609 0.315259
0.0221816 0.315807
0.0221984 0.316356
0.0222205 0.316905
0.0222209 0.317454
0.0222557 0.318004
0.0222779 0.318554
0.0223165 0.319104
0.0224071 0.319654
0.0224546 0.320205
0.0224839 0.320756
0.0224885 0.321308
0.0224905 0.32186
0.0225128 0.322412
0.0226371 0.322964
0.0226416 0.323517
0.0226447 0.324069
0.0226746 0.324623
0.0226747 0.325176
0.0226984 0.32573
0.0227557 0.326284
0.0228048 0.326839
0.0228326 0.327394
0.0228809 0.327949
0.0230488 0.328504
0.0230617 0.32906
0.0230768 0.329616
0.0230931 0.330172
0.023152 0.330729
0.0232664 0.331286
0.0233092 0.331843
0.0233216 0.332401
0.0233969 0.332958
0.0234 0.333517
0.0234249 0.334075
0.0234732 0.334634
0.0237188 0.335193
0.0237229 0.335752
0.0237351 0.336312
0.0237925 0.336872
0.0237992 0.337433
0.0238141 0.337993
0.0238202 0.338554
0.0239111 0.339116
0.0239371 0.339677
0.0239508 0.340239
0.0240309 0.340802
0.0240835 0.341364
0.0241453 0.341927
0.0241598 0.34249
0.0241898 0.343054
0.0242977 0.343618
0.0243017 0.344182
0.0243536 0.344746
0.0243763 0.345311
0.0244126 0.345876
0.0244255 0.346442
0.0245032 0.347008
0.0245448 0.347574
0.0245625 0.34814
0.0245701 0.348707
0.0245766 0.349274
0.0246136 0.349841
0.0246496 0.350409
0.0246762 0.350977
0.0246862 0.351545
0.0246987 0.352114
0.0247166 0.352683
0.0247867 0.353252
0.0248914 0.353822
0.0249334 0.354392
0.0249374 0.354962
0.0249528 0.355533
0.0250066 0.356104
0.0250112 0.356675
0.0250871 0.357247
0.0251161 0.357818
0.0251287 0.358391
0.0251619 0.358963
0.0251968 0.359536
0.0252287 0.360109
0.0253033 0.360683
0.0253404 0.361257
0.0254189 0.361831
0.025468 0.362406
0.0254849 0.36298
0.0255097 0.363556
0.0255544 0.364131
0.0255607 0.364707
0.0256252 0.365283
0.0256339 0.36586
0.0257062 0.366437
0.0257319 0.367014
0.0257535 0.367591
0.0257826 0.368169
0.0257863 0.368748
0.0258298 0.369326
0.0258446 0.369905
0.0258922 0.370484
0.0259064 0.371064
0.0259402 0.371644
0.0259793 0.372224
0.0259861 0.372804
0.0260664 0.373385
0.0260965 0.373966
0.0261599 0.374548
0.0262451 0.37513
0.0262604 0.375712
0.0262705 0.376295
0.0263118 0.376878
0.0264122 0.377461
0.0265568 0.378045
0.026654 0.378628
0.0266607 0.379213
0.0266679 0.379797
0.0266706 0.380382
0.0266901 0.380968
0.0267229 0.381553
0.0267406 0.382139
0.0267785 0.382726
0.0268129 0.383312
0.0268214 0.383899
0.0268555 0.384487
0.026856 0.385074
0.0268799 0.385662
0.0269185 0.386251
0.0269836 0.38684
0.0270176 0.387429
0.0270912 0.388018
0.0270947 0.388608
0.0271359 0.389198
0.0272856 0.389789
0.0273446 0.390379
0.0273495 0.390971
0.0273586 0.391562
0.0274614 0.392154
0.0275663 0.392746
0.02762 0.393339
0.0276297 0.393932
0.0276486 0.394525
0.0276786 0.395119
0.0277363 0.395713
0.027814 0.396307
0.0278782 0.396902
0.0278978 0.397497
0.0279101 0.398092
0.027985 0.398688
0.027989 0.399284
0.028008 0.399881
0.0280197 0.400478
0.0280346 0.401075
0.0280492 0.401672
0.0280789 0.40227
0.0280895 0.402868
0.0280934 0.403467
0.0280949 0.404066
0.0281957 0.404665
0.0282164 0.405265
0.0282262 0.405865
0.028242 0.406466
0.0282731 0.407066
0.0283363 0.407668
0.0283839 0.408269
0.0283978 0.408871
0.0284005 0.409473
0.0284451 0.410076
0.0284758 0.410679
0.0284956 0.411282
0.0285685 0.411886
0.0285699 0.41249
0.0286321 0.413094
0.0286759 0.413699
0.028744 0.414304
0.0287572 0.41491
0.0287584 0.415515
0.0287874 0.416122
0.0288192 0.416728
0.0288899 0.417335
0.0288907 0.417943
0.0288918 0.41855
0.0288981 0.419158
0.0289967 0.419767
0.0290139 0.420376
0.0290333 0.420985
0.0290867 0.421594
0.0291005 0.422204
0.0291065 0.422815
0.0291341 0.423425
0.0291437 0.424036
0.029163 0.424648
0.0291766 0.42526
0.0292248 0.425872
0.029288 0.426484
0.0292907 0.427097
0.02933 0.427711
0.0294139 0.428324
0.0294567 0.428938
0.029499 0.429553
0.0295088 0.430168
0.0295106 0.430783
0.0295161 0.431398
0.0296322 0.432014
0.0296772 0.432631
0.0298656 0.433247
0.0298847 0.433865
0.0299526 0.434482
0.0299653 0.4351
0.030043 0.435718
0.0300998 0.436337
0.0301093 0.436956
0.0301412 0.437575
0.030153 0.438195
0.0301635 0.438815
0.0302238 0.439436
0.0302919 0.440057
0.0303258 0.440678
0.030346 0.4413
0.0303647 0.441922
0.0304153 0.442544
0.0305054 0.443167
0.0305071 0.44379
0.0305386 0.444414
0.0306258 0.445038
0.0306316 0.445662
0.0306943 0.446287
0.0307113 0.446912
0.0307142 0.447538
0.0308169 0.448164
0.0308349 0.44879
0.0308373 0.449417
0.0308559 0.450044
0.0308843 0.450672
0.0309005 0.4513
0.0310281 0.451928
0.0310736 0.452557
0.0311758 0.453186
0.031177 0.453815
0.0311822 0.454445
0.0312159 0.455076
0.0312293 0.455706
0.0312584 0.456337
0.0312908 0.456969
0.0313055 0.457601
0.0313094 0.458233
0.0313173 0.458866
0.0313414 0.459499
0.0313892 0.460133
0.0313995 0.460766
0.0314652 0.461401
0.0315302 0.462035
0.0315904 0.462671
0.0316051 0.463306
0.0316839 0.463942
0.0317597 0.464578
0.0318096 0.465215
0.0319529 0.465852
0.0320682 0.46649
0.032069 0.467128
0.032071 0.467766
0.0320711 0.468405
0.0320836 0.469044
0.0321284 0.469684
0.0321604 0.470324
0.0323156 0.470964
0.0323501 0.471605
0.0323629 0.472246
0.0324122 0.472888
0.0324244 0.47353
0.0324437 0.474172
0.0324517 0.474815
0.032487 0.475458
0.0325293 0.476102
0.0325489 0.476746
0.0325638 0.477391
0.0325974 0.478036
0.0326032 0.478681
0.0326446 0.479327
0.0326618 0.479973
0.032815 0.48062
0.0328572 0.481267
0.0328572 0.481914
0.0329192 0.482562
0.0329386 0.48321
0.0331003 0.483859
0.0332178 0.484508
0.0333003 0.485158
0.0333149 0.485808
0.033344 0.486458
0.0335147 0.487109
0.0336081 0.48776
0.0336093 0.488412
0.0336384 0.489064
0.0336487 0.489717
0.0336771 0.49037
0.0337252 0.491023
0.0339621 0.491677
0.0339749 0.492331
0.0340023 0.492986
0.0340084 0.493641
0.0340698 0.494296
0.0342213 0.494952
0.0342569 0.495609
0.0342644 0.496265
0.0342662 0.496923
0.0342703 0.49758
0.0343447 0.498239
0.0343759 0.498897
0.034459 0.499556
0.0344936 0.500215
0.0345967 0.500875
0.034644 0.501536
0.0347427 0.502196
0.0347775 0.502857
0.034842 0.503519
0.0349004 0.504181
0.0349483 0.504844
0.0350394 0.505506
0.0351317 0.50617
0.035133 0.506834
0.0351575 0.507498
0.0351757 0.508163
0.0352148 0.508828
0.0352623 0.509493
0.0354995 0.510159
0.0355789 0.510826
0.0356525 0.511493
0.0357012 0.51216
0.0358808 0.512828
0.0358962 0.513496
0.0359485 0.514165
0.0359527 0.514834
0.0360975 0.515503
0.0362803 0.516173
0.0363063 0.516844
0.0363481 0.517515
0.0364359 0.518186
0.0364762 0.518858
0.0364932 0.51953
0.036508 0.520203
0.0366039 0.520876
0.0366252 0.52155
0.0367095 0.522224
0.0367864 0.522898
0.0368401 0.523573
0.0368971 0.524249
0.037017 0.524925
0.0370409 0.525601
0.0370589 0.526278
0.0370724 0.526955
0.0371649 0.527633
0.0371665 0.528311
0.0372302 0.52899
0.0372623 0.529669
0.0372742 0.530348
0.0372995 0.531028
0.037351 0.531709
0.037499 0.53239
0.0375375 0.533071
0.0375384 0.533753
0.0375533 0.534435
0.0376444 0.535118
0.0379194 0.535802
0.0379377 0.536485
0.0379407 0.53717
0.0379948 0.537854
0.0381097 0.538539
0.0381275 0.539225
0.0381348 0.539911
0.0381729 0.540598
0.0381742 0.541285
0.03818 0.541972
0.0382106 0.54266
0.0382599 0.543349
0.0383003 0.544038
0.0383164 0.544727
0.0384296 0.545417
0.0384753 0.546107
0.0385645 0.546798
0.0385961 0.54749
0.0386313 0.548181
0.0386919 0.548874
0.0387281 0.549566
0.0387434 0.55026
0.0387499 0.550953
0.0387995 0.551648
0.0388316 0.552342
0.038834 0.553037
0.0389048 0.553733
0.0389134 0.554429
0.0390429 0.555126
0.0390647 0.555823
0.0390691 0.556521
0.03912 0.557219
0.0392148 0.557917
0.0393252 0.558616
0.0393356 0.559316
0.0393357 0.560016
0.0393404 0.560716
0.0393436 0.561417
0.0393579 0.562119
0.0393606 0.562821
0.0394089 0.563523
0.0394413 0.564226
0.0394428 0.56493
0.0395254 0.565634
0.0395324 0.566338
0.0395538 0.567043
0.0396544 0.567749
0.0396597 0.568455
0.0396606 0.569161
0.039725 0.569868
0.0398132 0.570576
0.0398916 0.571284
0.0398983 0.571992
0.0399738 0.572701
0.0399896 0.57341
0.0400578 0.57412
0.0400771 0.574831
0.0400845 0.575542
0.0403041 0.576253
0.0404474 0.576965
0.0404539 0.577678
0.0406438 0.578391
0.0406694 0.579104
0.0407249 0.579818
0.040857 0.580533
0.0408729 0.581248
0.0408805 0.581964
0.040921 0.58268
0.040922 0.583396
0.0409547 0.584113
0.0409694 0.584831
0.041045 0.585549
0.0410518 0.586268
0.0410776 0.586987
0.0411039 0.587707
0.0411467 0.588427
0.0411486 0.589148
0.0412396 0.589869
0.0413363 0.590591
0.0414687 0.591313
0.0414918 0.592036
0.0415046 0.592759
0.0415114 0.593483
0.0416176 0.594207
0.0416622 0.594932
0.0418765 0.595658
0.0418838 0.596384
0.0419001 0.59711
0.0419066 0.597837
0.0419218 0.598565
0.0419574 0.599293
0.0419648 0.600021
0.0420291 0.60075
0.0420859 0.60148
0.0421889 0.60221
0.0422286 0.602941
0.0423478 0.603672
0.0424162 0.604404
0.0424264 0.605136
0.0424619 0.605869
0.0425529 0.606603
0.0425539 0.607337
0.0425543 0.608071
0.0425612 0.608806
0.042566 0.609542
0.0426907 0.610278
0.0428275 0.611014
0.0429162 0.611752
0.042933 0.612489
0.0429379 0.613228
0.042998 0.613966
0.0431032 0.614706
0.0431332 0.615446
0.0431889 0.616186
0.0432277 0.616927
0.0432366 0.617669
0.0432543 0.618411
0.0432559 0.619154
0.0432923 0.619897
0.0433874 0.62064
0.0434548 0.621385
0.0435206 0.62213
0.0435417 0.622875
0.0435661 0.623621
0.0435695 0.624368
0.0436148 0.625115
0.0438216 0.625862
0.0438778 0.626611
0.0438883 0.627359
0.044093 0.628109
0.0440955 0.628859
0.0441107 0.629609
0.0441649 0.63036
0.0442045 0.631112
0.0442093 0.631864
0.0442626 0.632617
0.0442937 0.63337
0.0443065 0.634124
0.0443073 0.634878
0.0443273 0.635633
0.0446035 0.636389
0.044638 0.637145
0.0446444 0.637902
0.0447053 0.638659
0.0447719 0.639417
0.0447966 0.640175
0.0448055 0.640934
0.0448325 0.641694
0.0448369 0.642454
0.0448675 0.643215
0.0449032 0.643976
0.0449647 0.644738
0.0449984 0.645501
0.0451115 0.646264
0.0451657 0.647027
0.0452999 0.647791
0.0453306 0.648556
0.0454338 0.649322
0.0454519 0.650088
0.045473 0.650854
0.0455837 0.651621
0.0456379 0.652389
0.0457524 0.653158
0.0458746 0.653926
0.0458903 0.654696
0.0459707 0.655466
0.0459881 0.656237
0.0460049 0.657008
0.0460347 0.65778
0.0460726 0.658553
0.0460862 0.659326
0.0461892 0.660099
0.0461937 0.660874
0.046202 0.661649
0.0462527 0.662424
0.0463243 0.6632
0.0463378 0.663977
0.0464708 0.664754
0.0464774 0.665532
0.0464849 0.666311
0.0465164 0.66709
0.0465926 0.667869
0.0466024 0.66865
0.0466975 0.669431
0.046716 0.670212
0.0467199 0.670994
0.0468153 0.671777
0.0468735 0.672561
0.0469204 0.673345
0.0469322 0.674129
0.0469726 0.674914
0.046975 0.6757
0.0469973 0.676487
0.0470321 0.677274
0.0470464 0.678062
0.0470531 0.67885
0.0470735 0.679639
0.0470887 0.680428
0.0471005 0.681219
0.0471888 0.682009
0.0472886 0.682801
0.0473246 0.683593
0.0473638 0.684386
0.0474669 0.685179
0.0475873 0.685973
0.0476176 0.686768
0.047713 0.687563
0.0477215 0.688359
0.0477307 0.689155
0.0477399 0.689952
0.047804 0.69075
0.047882 0.691548
0.0479248 0.692348
0.0479843 0.693147
0.0481178 0.693948
0.0481572 0.694748
0.0482264 0.69555
0.0482429 0.696352
0.0482683 0.697155
0.0483401 0.697959
0.0483831 0.698763
0.0484321 0.699568
0.0484928 0.700373
0.0485264 0.701179
0.0486016 0.701986
0.0486342 0.702794
0.0486344 0.703602
0.0486423 0.70441
0.0486726 0.70522
0.0490594 0.70603
0.0490955 0.706841
0.0491145 0.707652
0.0491983 0.708464
0.0492335 0.709277
0.0492776 0.71009
0.0492869 0.710904
0.0494234 0.711719
0.0494748 0.712534
0.0495028 0.71335
0.0496616 0.714167
0.0497072 0.714984
0.0498377 0.715802
0.0499187 0.716621
0.0499341 0.71744
0.049963 0.71826
0.0500198 0.719081
0.0500922 0.719902
0.0501058 0.720724
0.0501646 0.721547
0.0501659 0.72237
0.0502282 0.723194
0.0503029 0.724019
0.0503235 0.724844
0.0503305 0.72567
0.0503939 0.726497
0.0504549 0.727325
0.0504583 0.728153
0.0504822 0.728982
0.0505213 0.729811
0.0505265 0.730641
0.0505794 0.731472
0.0508126 0.732304
0.0508225 0.733136
0.0508471 0.733969
0.0508586 0.734803
0.0508612 0.735637
0.0509618 0.736472
0.0510267 0.737308
0.0510419 0.738145
0.0511601 0.738982
0.05119 0.73982
0.0513501 0.740658
0.0515405 0.741497
0.0515653 0.742337
0.0516157 0.743178
0.0516425 0.74402
0.0516543 0.744862
0.0516791 0.745704
0.0516852 0.746548
0.0516902 0.747392
0.0517465 0.748237
0.0517938 0.749083
0.0517971 0.749929
0.0518258 0.750776
0.0518604 0.751624
0.0519014 0.752473
0.051906 0.753322
0.0519349 0.754172
0.0520513 0.755023
0.0521744 0.755874
0.0524124 0.756726
0.0524634 0.757579
0.0525111 0.758433
0.0528081 0.759287
0.0528642 0.760142
0.0529465 0.760998
0.0530545 0.761854
0.0531205 0.762712
0.0531277 0.76357
0.0531558 0.764428
0.0532316 0.765288
0.0532943 0.766148
0.053305 0.767009
0.0534187 0.767871
0.0534995 0.768733
0.0535336 0.769596
0.053603 0.77046
0.0536248 0.771325
0.0536909 0.77219
0.0537619 0.773057
0.0537662 0.773923
0.0537772 0.774791
0.0538845 0.77566
0.0538865 0.776529
0.0539386 0.777399
0.0539404 0.778269
0.0541135 0.779141
0.0541236 0.780013
0.0541278 0.780886
0.0542017 0.78176
0.0543628 0.782634
0.0544268 0.78351
0.0545183 0.784386
0.0545547 0.785262
0.0545599 0.78614
0.0545694 0.787018
0.0545783 0.787898
0.0545998 0.788777
0.0547604 0.789658
0.0551716 0.79054
0.055244 0.791422
0.0553044 0.792305
0.0553507 0.793189
0.055446 0.794073
0.0554641 0.794958
0.0555599 0.795845
0.0555766 0.796731
0.0556387 0.797619
0.0556545 0.798508
0.0556734 0.799397
0.0556843 0.800287
0.0557156 0.801178
0.0557877 0.80207
0.0558145 0.802962
0.0558961 0.803855
0.0559475 0.804749
0.0559729 0.805644
0.0560386 0.80654
0.0560994 0.807436
0.0561014 0.808334
0.0563223 0.809232
0.0563291 0.810131
0.0564003 0.81103
0.0564098 0.811931
0.0564629 0.812832
0.0564839 0.813734
0.056664 0.814637
0.0566658 0.815541
0.0566862 0.816445
0.0567006 0.817351
0.0568912 0.818257
0.0568986 0.819164
0.056931 0.820072
0.0570095 0.820981
0.0571721 0.82189
0.0571879 0.8228
0.0572233 0.823712
0.0572291 0.824624
0.0572486 0.825536
0.0573387 0.82645
0.0574167 0.827365
0.0574336 0.82828
0.0574957 0.829196
0.0574985 0.830113
0.0575295 0.831031
0.0575328 0.83195
0.0576221 0.832869
0.057629 0.83379
0.0576316 0.834711
0.0577254 0.835633
0.0578385 0.836556
0.0578389 0.83748
0.0578678 0.838404
0.0579456 0.83933
0.0580088 0.840256
0.0580974 0.841183
0.0581126 0.842111
0.0581633 0.84304
0.0582305 0.84397
0.0582505 0.844901
0.0582551 0.845832
0.0582564 0.846765
0.0583876 0.847698
0.0584568 0.848632
0.0584804 0.849567
0.0584994 0.850503
0.058712 0.85144
0.0587269 0.852377
0.0587884 0.853316
0.0587921 0.854255
0.0588194 0.855196
0.0588611 0.856137
0.0589907 0.857079
0.0590412 0.858022
0.0591765 0.858966
0.059263 0.85991
0.0592977 0.860856
0.05932 0.861803
0.0593685 0.86275
0.0594681 0.863698
0.0595041 0.864647
0.0595462 0.865598
0.0597573 0.866549
0.0598178 0.867501
0.0599647 0.868453
0.0599727 0.869407
0.0602985 0.870362
0.0603208 0.871317
0.0603735 0.872274
0.0603839 0.873231
0.0604797 0.87419
0.0605895 0.875149
0.0606479 0.876109
0.0607156 0.87707
0.060774 0.878032
0.0610038 0.878995
0.0611241 0.879959
0.0613259 0.880924
0.0613647 0.881889
0.0614726 0.882856
0.0615562 0.883824
0.0615749 0.884792
0.0617613 0.885762
0.0617686 0.886732
0.061815 0.887703
0.0618314 0.888676
0.0618412 0.889649
0.0618598 0.890623
0.0619262 0.891598
0.0620264 0.892574
0.0620509 0.893551
0.0623213 0.894529
0.0624618 0.895508
0.0625895 0.896488
0.0626083 0.897469
0.0627021 0.898451
0.062706 0.899434
0.0627403 0.900417
0.0627942 0.901402
0.0628043 0.902388
0.0628374 0.903375
0.0629019 0.904362
0.0629312 0.905351
0.062954 0.90634
0.063061 0.907331
0.0631501 0.908323
0.063281 0.909315
0.0633239 0.910309
0.0633572 0.911303
0.0633877 0.912299
0.0634954 0.913295
0.0635079 0.914293
0.0637903 0.915291
0.0638756 0.916291
0.0640683 0.917291
0.0640915 0.918293
0.0642909 0.919295
0.06432 0.920299
0.0643873 0.921303
0.0644084 0.922309
0.064421 0.923315
0.0644218 0.924323
0.0644485 0.925331
0.0645123 0.926341
0.0645136 0.927352
0.0645526 0.928363
0.0645824 0.929376
0.0647112 0.93039
0.0648222 0.931404
0.0652904 0.93242
0.0653892 0.933437
0.0657024 0.934455
0.0658138 0.935474
0.0658911 0.936493
0.0659521 0.937514
0.0659576 0.938536
0.0659604 0.939559
0.0659762 0.940583
0.0660818 0.941609
0.0662244 0.942635
0.0662323 0.943662
0.0663606 0.94469
0.0665148 0.94572
0.0666043 0.94675
0.0666294 0.947781
0.066638 0.948814
0.0667414 0.949848
0.0667459 0.950882
0.0669071 0.951918
0.0670654 0.952955
0.0670963 0.953993
0.0671051 0.955032
0.067162 0.956072
0.0672873 0.957113
0.0673594 0.958155
0.0673684 0.959198
0.0673911 0.960243
0.0674147 0.961288
0.0674272 0.962335
0.0675207 0.963382
0.067533 0.964431
0.0676295 0.965481
0.0677346 0.966532
0.0678063 0.967584
0.0678087 0.968637
0.0678691 0.969692
0.0679903 0.970747
0.0681043 0.971803
0.0681747 0.972861
0.0682166 0.97392
0.0682576 0.97498
0.0682896 0.976041
0.0684254 0.977103
0.0685303 0.978166
0.0686182 0.979231
0.068687 0.980296
0.0687899 0.981363
0.0687947 0.982431
0.0688245 0.983499
0.0689675 0.98457
0.069109 0.985641
0.0691304 0.986713
0.0691759 0.987787
0.0692014 0.988861
0.0692051 0.989937
0.0692294 0.991014
0.0694563 0.992092
0.0695229 0.993172
0.0695476 0.994252
0.0695595 0.995334
0.0697085 0.996417
0.0697197 0.997501
0.0697711 0.998586
0.0698314 0.999672
0.0698851 1.00076
0.0699337 1.00185
0.0699677 1.00294
0.0700817 1.00403
0.0701106 1.00512
0.0701458 1.00622
0.0702108 1.00731
0.0702418 1.00841
0.0703295 1.0095
0.07082 1.0106
0.0710724 1.0117
0.0711708 1.0128
0.071208 1.0139
0.0712568 1.01501
0.0713631 1.01611
0.0714408 1.01722
0.0714937 1.01832
0.0715206 1.01943
0.0715583 1.02054
0.0717202 1.02165
0.071769 1.02276
0.071803 1.02388
0.0719572 1.02499
0.0719983 1.02611
0.0720402 1.02722
0.0720648 1.02834
0.072072 1.02946
0.0723425 1.03058
0.0723785 1.0317
0.0724031 1.03282
0.0724523 1.03395
0.0724645 1.03507
0.0725544 1.0362
0.0726082 1.03733
0.0728322 1.03846
0.0730202 1.03959
0.0730911 1.04072
0.073105 1.04185
0.0732154 1.04299
0.0733082 1.04412
0.0737168 1.04526
0.0737474 1.0464
0.0738972 1.04754
0.0739487 1.04868
0.0741334 1.04982
0.07429 1.05097
0.0743303 1.05211
0.0743461 1.05326
0.0744192 1.0544
0.0744734 1.05555
0.0746026 1.0567
0.0747274 1.05785
0.074916 1.05901
0.074922 1.06016
0.0750029 1.06132
0.0750083 1.06247
0.0750278 1.06363
0.0753764 1.06479
0.0754125 1.06595
0.0755418 1.06711
0.0755514 1.06828
0.075616 1.06944
0.0758426 1.07061
0.0758918 1.07178
0.0759179 1.07294
0.0759686 1.07411
0.0759831 1.07529
0.0759989 1.07646
0.0761963 1.07763
0.076254 1.07881
0.0762794 1.07999
0.0763247 1.08117
0.0763374 1.08235
0.0764435 1.08353
0.076658 1.08471
0.0767951 1.08589
0.0768102 1.08708
0.0768373 1.08827
0.0768511 1.08945
0.0770351 1.09064
0.0770926 1.09184
0.0770953 1.09303
0.0772679 1.09422
0.077364 1.09542
0.077367 1.09661
0.0774204 1.09781
0.0776517 1.09901
0.0776893 1.10021
0.0778602 1.10142
0.0780043 1.10262
0.07801 1.10383
0.0780263 1.10503
0.0781475 1.10624
0.0781588 1.10745
0.078189 1.10866
0.0783435 1.10988
0.0785984 1.11109
0.0786239 1.11231
0.0786337 1.11352
0.0786945 1.11474
0.0787063 1.11596
0.0789251 1.11718
0.0793008 1.11841
0.0793181 1.11963
0.0795204 1.12086
0.0795437 1.12209
0.0796659 1.12331
0.0796788 1.12455
0.0797503 1.12578
0.0797906 1.12701
0.0798083 1.12825
0.0799588 1.12948
0.0799696 1.13072
0.0800678 1.13196
0.0801556 1.1332
0.0801622 1.13445
0.0803912 1.13569
0.0804194 1.13694
0.0804864 1.13819
0.0806081 1.13943
0.0807733 1.14069
0.0808733 1.14194
0.0808952 1.14319
0.0809501 1.14445
0.0811447 1.1457
0.0811596 1.14696
0.0812917 1.14822
0.0813154 1.14948
0.0815341 1.15075
0.0816941 1.15201
0.0817397 1.15328
0.0819687 1.15455
0.0820559 1.15582
0.0820604 1.15709
0.0821915 1.15836
0.0823812 1.15964
0.082399 1.16091
0.0824135 1.16219
0.0824646 1.16347
0.0825 1.16475
0.0826203 1.16603
0.0826276 1.16732
0.0826311 1.16861
0.0828473 1.16989
0.0828821 1.17118
0.0828958 1.17247
0.0829788 1.17377
0.0831067 1.17506
0.0833739 1.17636
0.083395 1.17766
0.0834523 1.17896
0.0835378 1.18026
0.0836159 1.18156
0.0837532 1.18286
0.0837545 1.18417
0.0837934 1.18548
0.0838063 1.18679
0.083869 1.1881
0.0840901 1.18941
0.0842935 1.19073
0.0843149 1.19204
0.0844245 1.19336
0.0844713 1.19468
0.0846905 1.196
0.0847669 1.19733
0.0848593 1.19865
0.0853006 1.19998
0.085383 1.20131
0.0854596 1.20264
0.0860037 1.20397
0.0861562 1.20531
0.0862437 1.20664
0.0863005 1.20798
0.0867515 1.20932
0.0868269 1.21066
0.0868675 1.212
0.086961 1.21335
0.0870692 1.2147
0.0871832 1.21605
0.0872964 1.2174
0.0874011 1.21875
0.0874786 1.2201
0.087872 1.22146
0.0878763 1.22282
0.0880244 1.22418
0.0880782 1.22554
0.0883618 1.2269
0.0884679 1.22827
0.0884849 1.22963
0.0887403 1.231
0.0892252 1.23237
0.0893542 1.23374
0.0894207 1.23512
0.0896179 1.2365
0.089681 1.23787
0.089757 1.23925
0.0897649 1.24064
0.0899033 1.24202
0.0900508 1.24341
0.0901835 1.24479
0.09042 1.24618
0.0904282 1.24758
0.0904428 1.24897
0.0904512 1.25037
0.0905791 1.25176
0.0906259 1.25316
0.0909537 1.25456
0.0910993 1.25597
0.0913301 1.25737
0.0913802 1.25878
0.0914034 1.26019
0.091434 1.2616
0.0916059 1.26302
0.0916164 1.26443
0.0918617 1.26585
0.0922136 1.26727
0.0923324 1.26869
0.0924044 1.27011
0.0924146 1.27154
0.0926438 1.27297
0.0926735 1.2744
0.092729 1.27583
0.0927734 1.27726
0.0928876 1.2787
0.0930596 1.28013
0.0930912 1.28157
0.0931045 1.28302
0.0931274 1.28446
0.0932087 1.28591
0.0933431 1.28735
0.0934045 1.2888
0.0935425 1.29026
0.0935563 1.29171
0.093621 1.29317
0.0936924 1.29463
0.0942504 1.29609
0.094285 1.29755
0.0943513 1.29902
0.0944372 1.30048
0.0948599 1.30195
0.0949058 1.30342
0.0949116 1.3049
0.0949519 1.30637
0.0955435 1.30785
0.0956771 1.30933
0.0959849 1.31082
0.0960924 1.3123
0.0962238 1.31379
0.0963464 1.31528
0.0964482 1.31677
0.0966426 1.31826
0.0966574 1.31976
0.0968171 1.32126
0.0969185 1.32276
0.0969614 1.32426
0.0969929 1.32576
0.0970451 1.32727
0.0971618 1.32878
0.0972456 1.33029
0.0973422 1.33181
0.0973821 1.33332
0.0975523 1.33484
0.0976035 1.33636
0.0978589 1.33789
0.0979601 1.33941
0.0979851 1.34094
0.0980573 1.34247
0.0984923 1.344
0.0985097 1.34554
0.0987304 1.34707
0.0987443 1.34861
0.0987464 1.35016
0.0987504 1.3517
0.0987576 1.35325
0.0989964 1.3548
0.099135 1.35635
0.0992172 1.3579
0.0992254 1.35946
0.0994705 1.36102
0.099517 1.36258
0.0997197 1.36414
0.0998138 1.36571
0.0998343 1.36728
0.100263 1.36885
0.10052 1.37042
0.100765 1.372
0.100822 1.37358
0.100967 1.37516
0.100985 1.37674
0.101112 1.37833
0.101131 1.37991
0.101217 1.38151
0.101276 1.3831
0.101369 1.3847
0.101375 1.38629
0.101437 1.3879
0.101548 1.3895
0.101737 1.39111
0.101804 1.39271
0.1022 1.39433
0.102289 1.39594
0.102363 1.39756
0.102365 1.39918
0.10248 1.4008
0.102797 1.40242
0.102817 1.40405
0.102878 1.40568
0.102986 1.40731
0.103581 1.40895
0.103581 1.41059
0.103617 1.41223
0.103633 1.41387
0.103958 1.41552
0.104018 1.41717
0.104073 1.41882
0.104102 1.42047
0.104118 1.42213
0.104213 1.42379
0.104506 1.42545
0.10453 1.42712
0.104639 1.42878
0.104904 1.43046
0.104994 1.43213
0.105187 1.43381
0.105496 1.43548
0.105586 1.43717
0.105673 1.43885
0.105745 1.44054
0.105764 1.44223
0.106084 1.44392
0.106237 1.44562
0.10636 1.44732
0.106503 1.44902
0.106709 1.45073
0.106738 1.45243
0.10691 1.45415
0.107074 1.45586
0.107149 1.45758
0.107243 1.4593
0.107344 1.46102
0.107452 1.46274
0.107505 1.46447
0.107552 1.4662
0.10801 1.46794
0.108076 1.46968
0.108106 1.47142
0.10819 1.47316
0.108333 1.47491
0.108445 1.47666
0.108548 1.47841
0.108693 1.48017
0.108782 1.48192
0.109247 1.48369
0.109252 1.48545
0.109368 1.48722
0.109383 1.48899
0.109398 1.49077
0.109521 1.49254
0.109567 1.49433
0.109604 1.49611
0.10985 1.4979
0.109866 1.49969
0.110086 1.50148
0.110124 1.50328
0.110346 1.50508
0.110701 1.50688
0.110888 1.50869
0.110941 1.5105
0.11095 1.51231
0.111059 1.51413
0.111374 1.51595
0.111439 1.51777
0.111558 1.5196
0.111699 1.52143
0.111717 1.52326
0.111773 1.5251
0.111932 1.52694
0.111941 1.52878
0.112013 1.53063
0.112039 1.53248
0.112121 1.53433
0.112131 1.53619
0.11229 1.53805
0.112387 1.53991
0.112405 1.54178
0.112432 1.54365
0.112681 1.54552
0.112686 1.5474
0.11271 1.54928
0.112802 1.55117
0.112935 1.55306
0.112944 1.55495
0.113634 1.55685
0.113678 1.55874
0.114063 1.56065
0.114081 1.56255
0.114197 1.56446
0.114258 1.56638
0.114405 1.5683
0.114485 1.57022
0.114865 1.57214
0.11497 1.57407
0.115038 1.576
0.115314 1.57794
0.115825 1.57988
0.116072 1.58182
0.116091 1.58377
0.116225 1.58572
0.116405 1.58768
0.116721 1.58964
0.116865 1.5916
0.116968 1.59356
0.117053 1.59554
0.117499 1.59751
0.117528 1.59949
0.117533 1.60147
0.117707 1.60346
0.117937 1.60545
0.118133 1.60744
0.118387 1.60944
0.118462 1.61144
0.118532 1.61345
0.118657 1.61546
0.118774 1.61747
0.118818 1.61949
0.118852 1.62151
0.118912 1.62354
0.11913 1.62557
0.119188 1.6276
0.119405 1.62964
0.11941 1.63168
0.119495 1.63373
0.119895 1.63578
0.119961 1.63784
0.120152 1.6399
0.120154 1.64196
0.120173 1.64403
0.120191 1.6461
0.12034 1.64818
0.120412 1.65026
0.120585 1.65235
0.120927 1.65444
0.120954 1.65653
0.121014 1.65863
0.12119 1.66073
0.121388 1.66284
0.121514 1.66495
0.121611 1.66707
0.121712 1.66919
0.121869 1.67131
0.121941 1.67344
0.122015 1.67558
0.122301 1.67772
0.122455 1.67986
0.122586 1.68201
0.122976 1.68416
0.123086 1.68632
0.123151 1.68848
0.123395 1.69065
0.123451 1.69282
0.123512 1.695
0.123531 1.69718
0.123606 1.69936
0.123747 1.70155
0.124196 1.70375
0.124302 1.70595
0.124552 1.70815
0.124675 1.71036
0.125233 1.71258
0.125496 1.7148
0.12564 1.71702
0.125831 1.71925
0.125953 1.72149
0.125984 1.72373
0.12656 1.72597
0.126797 1.72822
0.126885 1.73048
0.127004 1.73274
0.127261 1.735
0.127547 1.73727
0.127568 1.73955
0.127646 1.74183
0.12769 1.74411
0.12783 1.7464
0.127874 1.7487
0.127974 1.751
0.127983 1.75331
0.128245 1.75562
0.129053 1.75794
0.129119 1.76026
0.130329 1.76259
0.130348 1.76492
0.130416 1.76726
0.130633 1.76961
0.130812 1.77196
0.131222 1.77431
0.131316 1.77667
0.131373 1.77904
0.131613 1.78141
0.131761 1.78379
0.131823 1.78618
0.131868 1.78856
0.131966 1.79096
0.132146 1.79336
0.132342 1.79577
0.132347 1.79818
0.132449 1.8006
0.132998 1.80302
0.133178 1.80545
0.133189 1.80789
0.133193 1.81033
0.133206 1.81278
0.133283 1.81523
0.133404 1.81769
0.133628 1.82016
0.133652 1.82263
0.133724 1.82511
0.133949 1.82759
0.134026 1.83008
0.134028 1.83258
0.134054 1.83508
0.134074 1.83759
0.134116 1.84011
0.134149 1.84263
0.134162 1.84516
0.134592 1.8477
0.134607 1.85024
0.1348 1.85278
0.134809 1.85534
0.134967 1.8579
0.135155 1.86047
0.135298 1.86304
0.135412 1.86562
0.135479 1.86821
0.135513 1.8708
0.135591 1.8734
0.135606 1.87601
0.135659 1.87863
0.135828 1.88125
0.136443 1.88387
0.136517 1.88651
0.136661 1.88915
0.136824 1.8918
0.137096 1.89446
0.137119 1.89712
0.137151 1.89979
0.137427 1.90247
0.137737 1.90515
0.137909 1.90784
0.138022 1.91054
0.138577 1.91325
0.138738 1.91596
0.138946 1.91868
0.138965 1.92141
0.139128 1.92415
0.139205 1.92689
0.139904 1.92964
0.139996 1.9324
0.140116 1.93517
0.140203 1.93794
0.140242 1.94072
0.140334 1.94351
0.140552 1.94631
0.14066 1.94912
0.141142 1.95193
0.141269 1.95475
0.141462 1.95758
0.141493 1.96041
0.14186 1.96326
0.142071 1.96611
0.142075 1.96897
0.142172 1.97184
0.142234 1.97472
0.142322 1.97761
0.14304 1.9805
0.14359 1.9834
0.143852 1.98632
0.144413 1.98924
0.144423 1.99216
0.144459 1.9951
0.144466 1.99805
0.144818 2.001
0.14485 2.00396
0.144875 2.00693
0.145317 2.00992
0.14551 2.01291
0.145537 2.0159
0.145619 2.01891
0.145638 2.02193
0.146054 2.02495
0.146209 2.02799
0.146293 2.03103
0.14654 2.03409
0.146734 2.03715
0.146805 2.04022
0.14697 2.0433
0.147027 2.04639
0.147231 2.04949
0.147294 2.0526
0.147449 2.05573
0.14793 2.05885
0.148135 2.06199
0.148324 2.06514
0.148359 2.0683
0.149317 2.07147
0.149524 2.07465
0.150266 2.07784
0.150351 2.08104
0.150489 2.08425
0.150668 2.08747
0.150811 2.0907
0.150828 2.09395
0.150904 2.0972
0.151143 2.10046
0.151814 2.10373
0.151841 2.10702
0.151935 2.11031
0.152098 2.11362
0.152223 2.11694
0.152825 2.12026
0.152917 2.1236
0.153124 2.12695
0.153528 2.13031
0.153704 2.13369
0.153735 2.13707
0.153765 2.14047
0.153851 2.14387
0.154203 2.14729
0.154586 2.15072
0.154887 2.15417
0.155146 2.15762
0.155358 2.16109
0.155629 2.16456
0.155961 2.16805
0.15619 2.17156
0.156231 2.17507
0.156335 2.1786
0.156404 2.18214
0.156466 2.18569
0.157316 2.18926
0.157606 2.19283
0.157986 2.19642
0.158295 2.20003
0.158303 2.20365
0.158957 2.20727
0.15922 2.21092
0.159355 2.21457
0.159418 2.21824
0.159644 2.22193
0.159727 2.22562
0.159794 2.22933
0.159999 2.23306
0.160585 2.2368
0.161056 2.24055
0.161263 2.24432
0.161291 2.2481
0.161951 2.25189
0.162198 2.2557
0.162328 2.25953
0.162677 2.26336
0.162932 2.26722
0.16339 2.27109
0.163427 2.27497
0.163921 2.27887
0.16401 2.28278
0.164042 2.28671
0.165232 2.29066
0.165259 2.29462
0.166461 2.29859
0.167248 2.30259
0.167399 2.30659
0.167427 2.31062
0.167435 2.31466
0.167452 2.31871
0.167458 2.32279
0.167692 2.32688
0.168096 2.33098
0.168927 2.33511
0.169031 2.33925
0.16909 2.34341
0.169496 2.34758
0.169815 2.35178
0.170072 2.35599
0.170291 2.36021
0.170598 2.36446
0.171217 2.36872
0.171231 2.37301
0.171343 2.37731
0.171348 2.38163
0.172209 2.38597
0.172804 2.39032
0.172839 2.3947
0.172999 2.3991
0.173018 2.40351
0.173126 2.40795
0.173183 2.4124
0.173481 2.41687
0.173766 2.42137
0.173872 2.42588
0.174534 2.43042
0.175394 2.43497
0.175924 2.43955
0.175957 2.44415
0.176105 2.44877
0.176157 2.45341
0.17647 2.45807
0.177025 2.46275
0.177547 2.46746
0.177598 2.47219
0.177884 2.47694
0.178012 2.48171
0.178182 2.48651
0.178307 2.49133
0.179162 2.49617
0.179186 2.50104
0.179884 2.50593
0.180014 2.51084
0.180463 2.51578
0.180529 2.52074
0.180841 2.52573
0.181161 2.53074
0.182032 2.53578
0.182204 2.54084
0.182677 2.54593
0.182933 2.55105
0.183314 2.55619
0.183828 2.56136
0.184295 2.56655
0.1845 2.57177
0.18489 2.57702
0.185113 2.5823
0.185221 2.5876
0.185321 2.59294
0.18576 2.5983
0.186034 2.60369
0.186448 2.60911
0.186551 2.61456
0.186805 2.62004
0.187016 2.62555
0.187077 2.63109
0.187618 2.63666
0.18779 2.64226
0.188278 2.6479
0.188292 2.65356
0.188576 2.65926
0.188993 2.66499
0.189399 2.67075
0.189794 2.67655
0.189808 2.68238
0.190181 2.68825
0.190528 2.69415
0.190606 2.70008
0.190653 2.70605
0.190734 2.71206
0.190753 2.7181
0.190835 2.72418
0.191183 2.7303
0.191329 2.73645
0.191431 2.74264
0.1916 2.74887
0.191607 2.75514
0.193361 2.76145
0.193946 2.7678
0.194001 2.77419
0.194351 2.78062
0.194706 2.78709
0.194999 2.79361
0.195026 2.80017
0.195284 2.80677
0.195591 2.81341
0.195693 2.8201
0.195909 2.82683
0.195951 2.83361
0.196053 2.84044
0.197357 2.84731
0.197407 2.85423
0.197874 2.8612
0.197888 2.86822
0.199637 2.87529
0.199854 2.8824
0.200463 2.88957
0.200737 2.89679
0.200986 2.90407
0.201413 2.91139
0.201981 2.91877
0.202042 2.92621
0.202147 2.9337
0.202277 2.94124
0.202395 2.94885
0.202638 2.95651
0.202919 2.96423
0.20295 2.97202
0.203408 2.97986
0.204833 2.98776
0.205548 2.99573
0.205947 3.00376
0.206265 3.01186
0.207832 3.02002
0.207984 3.02826
0.20844 3.03655
0.208989 3.04492
0.20939 3.05336
0.210168 3.06187
0.210695 3.07046
0.211581 3.07911
0.211971 3.08785
0.212053 3.09666
0.212284 3.10555
0.212423 3.11452
0.212453 3.12357
0.213342 3.1327
0.213652 3.14191
0.213925 3.15122
0.214037 3.16061
0.214234 3.17009
0.215 3.17966
0.215359 3.18932
0.216044 3.19907
0.216629 3.20893
0.216721 3.21888
0.217226 3.22893
0.21819 3.23908
0.218958 3.24934
0.22104 3.2597
0.222211 3.27017
0.223213 3.28075
0.223316 3.29145
0.225576 3.30226
0.22616 3.31319
0.226239 3.32424
0.22627 3.33541
0.226571 3.34671
0.226576 3.35814
0.22778 3.3697
0.228387 3.38139
0.228799 3.39323
0.228986 3.40521
0.229206 3.41733
0.231153 3.4296
0.232412 3.44202
0.234255 3.4546
0.238811 3.46734
0.23965 3.48024
0.24109 3.49331
0.241436 3.50656
0.242674 3.51998
0.24345 3.53359
0.243829 3.54738
0.24405 3.56137
0.244788 3.57555
0.246236 3.58994
0.246556 3.60454
0.248933 3.61935
0.250857 3.63439
0.251119 3.64966
0.251987 3.66516
0.255769 3.68091
0.255907 3.69691
0.255972 3.71317
0.257945 3.7297
0.258052 3.74651
0.260898 3.7636
0.261563 3.78099
0.262412 3.79869
0.263284 3.81671
0.264312 3.83506
0.266888 3.85375
0.267104 3.8728
0.267472 3.89222
0.267784 3.91202
0.268719 3.93223
0.270964 3.95284
0.273181 3.9739
0.276898 3.9954
0.277602 4.01738
0.277887 4.03986
0.279508 4.06285
0.27975 4.08638
0.281209 4.11047
0.28834 4.13517
0.288386 4.16048
0.29032 4.18646
0.295869 4.21313
0.299517 4.24053
0.30455 4.2687
0.304693 4.29769
0.312157 4.32754
0.3132 4.35831
0.315556 4.39006
0.320394 4.42285
0.322321 4.45675
0.323857 4.49184
0.328456 4.52821
0.33076 4.56595
0.331239 4.60517
0.332555 4.64599
0.333547 4.68855
0.337675 4.733
0.350715 4.77952
0.351968 4.82831
0.353583 4.87961
0.361119 4.93367
0.371303 4.99083
0.372352 5.05146
0.375797 5.116
0.389875 5.18499
0.392362 5.2591
0.395633 5.33914
0.404669 5.42615
0.413276 5.52146
0.418996 5.62682
0.424637 5.7446
0.427202 5.87814
0.436355 6.03229
0.437574 6.21461
0.444004 6.43775
0.457168 6.72543
0.465323 7.1309
0.513877 7.82405
