1.02218
1.04046
1.00758
1.02774
1.10148
1.18257
1.12767
1.14353
1.08904
1.143
1.02747
1.1691
1.39453
1.05603
1.22869
1.00837
1.05691
1.01066
1.08736
1.03525
1.04151
1.03506
1.2239
1.17823
1.14694
1.02932
1.05459
1.07405
1.03227
1.06657
1.05449
1.03836
1.08395
1.00044
1.02103
1.03134
1.08838
1.01784
1.14936
1.27308
1.05587
1.15805
1.14407
1.04579
1.21881
1.0694
1.00043
1.06878
1.02722
1.02059
1.00446
1.02596
1.01868
1.14529
1.00903
1.00188
1.02424
1.17696
1.21119
1.0482
1.21566
1.15266
1.09895
1.04682
1.02849
1.16622
1.01506
1.21603
1.01063
1.02149
1.06303
1.13426
1.12683
1.07121
1.14247
1.05327
1.04078
1.0577
1.0557
1.01801
1.09721
1.01161
1.02367
1.00101
1.03546
1.05216
1.23293
1.05942
1.01213
1.01196
1.02159
1.15862
1.02812
1.12969
1.11355
1.06498
1.03932
1.01908
1.10074
1.04376
1.1182
1.03365
1.06818
1.00244
1.08044
1.02062
1.06058
1.01801
1.23119
1.0477
1.06445
1.06485
1.00043
1.00908
1.25391
1.34921
1.05311
1.07016
1.00212
1.00062
1.00453
1.39269
1.11734
1.03076
1.01086
1.01492
1.01601
1.03284
1.12082
1.06055
1.09594
1.28513
1.12517
1.18863
1.03167
1.01863
1.06654
1.08703
1.05218
1.0643
1.12769
1.15678
1.03999
1.01857
1.0462
1.00646
1.01491
1.0052
1.00368
1.05523
1.01358
1.08721
1.09376
1.45615
1.02149
1.00429
1.02044
1.21016
1.02609
1.12767
1.12816
1.01452
1.02445
1.03386
1.0408
1.1262
1.00932
1.01433
1.03289
1.05954
1.12097
1.01449
1.04405
1.13604
1.03951
1.0417
1.11746
1.10431
1.00278
1.08454
1.04313
1.05998
1.00665
1.13955
1.09392
1.57959
1.022
1.07082
1.02801
1.03378
1.01369
1.0664
1.1292
1.06891
1.02492
1.05609
1.04277
1.0334
1.00632
1.06587
1.03119
1.03825
1.01567
1.06861
1.13146
1.00944
1.0331
1.03718
1.01935
1.04529
1.10114
1.22096
1.04729
1.04015
1.05178
1.12931
1.17499
1.03302
1.16753
1.09007
1.01579
1.02604
1.06482
1.15666
1.17151
1.00678
1.06619
1.03314
1.08187
1.02994
1.01009
1.02191
1.02924
1.05096
1.02618
1.05957
1.12652
1.10086
1.08014
1.06329
1.02481
1.03197
1.02408
1.20237
1.011
1.04664
1.05028
1.15967
1.0008
1.1742
1.04434
1.06671
1.00818
1.19519
1.1758
1.0313
1.02718
1.02917
1.07035
1.04236
1.02158
1.04453
1.01931
1.00804
1.14039
1.03459
1.10919
1.00777
1.06651
1.25709
1.01403
1.01283
1.13387
1.25732
1.06757
1.15839
1.01748
1.05304
1.14908
1.01673
1.06096
1.00988
1.01064
1.3228
1.06325
1.19172
1.04362
1.0114
1.00117
1.00843
1.05954
1.04012
1.08079
1.01128
1.12977
1.00107
1.00308
1.02702
1.11126
1.03132
1.15663
1.21098
1.00041
1.06218
1.00805
1.06617
1.00325
1.10379
1.00736
1.07509
1.04782
1.00866
1.12884
1.01215
1.03661
1.02029
1.10608
1.05144
1.04487
1.00325
1.1213
1.03771
1.02156
1.06492
1.09185
1.18565
1.05182
1.01866
1.14358
1.00121
1.08008
1.25022
1.0573
1.03259
1.04157
1.00687
1.13641
1.02959
1.01352
1.00558
1.10973
1.01319
1.00146
1.0089
1.00091
1.01145
1.11466
1.00246
1.10955
1.08149
1.04969
1.08381
1.08587
1.04128
1.02156
1.06941
1.04286
1.02957
1.32473
1.02296
1.00021
1.16937
1.02402
1.0738
1.12034
1.14067
1.22908
1.05032
1.03825
1.015
1.0013
1.09142
1.01284
1.0047
1.14162
1.04032
1.02633
1.05509
1.04448
1.08552
1.04052
1.00413
1.09673
1.02889
1.01499
1.02735
1.02612
1.19504
1.0131
1.02064
1.05119
1.0706
1.01604
1.10499
1.18867
1.17319
1.00868
1.07515
1.00017
1.08856
1.00604
1.01796
1.00507
1.02921
1.11261
1.00562
1.07204
1.09467
1.00938
1.02996
1.01633
1.03697
1.00002
1.19469
1.11442
1.20413
1.05052
1.07944
1.11895
1.00804
1.00215
1.09085
1.15196
1.03635
1.1107
1.04298
1.03425
1.00949
1.01218
1.05922
1.18423
1.05381
1.02885
1.01552
1.05737
1.16783
1.22261
1.01155
1.10717
1.00877
1.02423
1.0134
1.01348
1.0271
1.04757
1.07732
1.01968
1.02849
1.00228
1.08469
1.00153
1.06461
1.01388
1.12184
1.03552
1.1077
1.17625
1.00389
1.01564
1.0489
1.49881
1.25009
1.0478
1.02411
1.00865
1.00482
1.07506
1.21119
1.07461
1.04046
1.07759
1.10247
1.06509
1.15091
1.03887
1.06388
1.06459
1.01965
1.04793
1.11154
1.03137
1.07473
1.01855
1.2282
1.07418
1.14257
1.20902
1.04822
1.03787
1.11584
1.05802
1.33421
1.08998
1.27564
1.03189
1.20043
1.08293
1.00163
1.25657
1.01304
1.02659
1.04929
1.0453
1.00995
1.03466
1.15744
1.03695
1.06135
1.18509
1.11454
1.04418
1.08614
1.02581
1.07894
1.05536
1.04285
1.14409
1.07987
1.06215
1.00497
1.02874
1.48532
1.13133
1.0928
1.01989
1.00638
1.02942
1.02368
1.03806
1.04805
1.17115
1.1004
1.08566
1.08129
1.03711
1.00073
1.0358
1.22122
1.03391
1.00461
1.00719
1.06351
1.22732
1.05487
1.0556
1.00658
1.01553
1.01196
1.03984
1.0099
1.00717
1.04758
1.04089
1.11706
1.10546
1.00535
1.18908
1.03313
1.02666
1.15378
1.04173
1.01824
1.04177
1.09784
1.05966
1.08177
1.21642
1.02253
1.11406
1.0445
1.02845
1.06379
1.02751
1.02543
1.05067
1.03388
1.05723
1.03923
1.14247
1.19069
1.03797
1.01208
1.04809
1.0818
1.15441
1.0498
1.0318
1.05901
1.05456
1.07441
1.02555
1.0402
1.17666
1.0334
1.30618
1.07606
1.15055
1.23621
1.06541
1.03422
1.04634
1.00536
1.04941
1.52904
1.01418
1.2036
1.05764
1.1132
1.19723
1.02953
1.00399
1.04191
1.07848
1.02527
1.14096
1.07233
1.15676
1.05608
1.05145
1.05151
1.00668
1.04897
1.19256
1.14432
1.0123
1.14348
1.00037
1.12771
1.02444
1.0448
1.02228
1.07933
1.06399
1.13278
1.0004
1.00073
1.00451
1.12683
1.0428
1.05858
1.04877
1.12325
1.01253
1.01277
1.00819
1.06117
1.15537
1.06947
1.06475
1.03098
1.05536
1.09956
1.04984
1.28546
1.02061
1.00768
1.09814
1.29809
1.1624
1.03539
1.147
1.13529
1.08795
1.08371
1.06024
1.03576
1.03486
1.04309
1.10459
1.0467
1.00485
1.00468
1.14356
1.15832
1.16808
1.02931
1.07583
1.07165
1.06987
1.04945
1.00146
1.14333
1.11733
1.00731
1.01283
1.00957
1.06131
1.01319
1.17503
1.00668
1.03098
1.0859
1.39203
1.0396
1.29145
1.02164
1.004
1.0805
1.05855
1.11931
1.01611
1.10779
1.48047
1.04458
1.11928
1.03984
1.22313
1.06082
1.07596
1.0409
1.01281
1.13157
1.01828
1.02624
1.00567
1.13615
1.01457
1.07168
1.09822
1.0421
1.04566
1.10351
1.10406
1.01987
1.03967
1.00464
1.04201
1.16104
1.05316
1.09207
1.0042
1.14084
1.10185
1.15726
1.00344
1.0911
1.03566
1.04953
1.09463
1.0024
1.12598
1.01395
1.08302
1.04277
1.01142
1.19435
1.54706
1.07514
1.01445
1.06985
1.0246
1.02098
1.04888
1.02247
1.06653
1.03867
1.06077
1.27613
1.13652
1.00566
1.13492
1.01199
1.08255
1.18229
1.14245
1.05304
1.02548
1.08613
1.06252
1.01107
1.16442
1.1693
1.02905
1.0119
1.04771
1.01381
1.13098
1.05922
1.01026
1.07931
1.11613
1.13148
1.119
1.0682
1.12192
1.01366
1.04706
1.05803
1.04593
1.06818
1.04846
1.02842
1.04023
1.04812
1.06371
1.0442
1.12172
1.00861
1.06997
1.39591
1.07286
1.15199
1.03259
1.06937
1.11781
1.09758
1.00363
1.04762
1.03418
1.01531
1.03891
1.02257
1.01551
1.04023
1.02838
1.0352
1.23243
1.00834
1.02951
1.01805
1.02985
1.09734
1.01645
1.0602
1.17967
1.01108
1.00607
1.11884
1.00127
1.12854
1.13653
1.08666
1.06109
1.00729
1.03702
1.1445
1.01798
1.06495
1.07266
1.09185
1.01675
1.04599
1.05235
1.01445
1.01733
1.20637
1.11492
1.01946
1.02342
1.0015
1.03759
1.0874
1.00116
1.03904
1.09466
1.01434
1.03219
1.00286
1.00044
1.23667
1.06013
1.19263
1.03456
1.15041
1.15295
1.00669
1.12418
1.01531
1.00266
1.04239
1.00832
1.19965
1.04582
1.01283
1.01237
1.0399
1.15471
1.02501
1.00403
1.03041
1.04582
1.05982
1.13027
1.08097
1.02718
1.06471
1.09569
1.03167
1.18539
1.05726
1.20309
1.20565
1.05123
1.06818
1.05323
1.03156
1.01955
1.07531
1.11544
1.00089
1.19624
1.16922
1.01682
1.09593
1.01519
1.00036
1.10191
1.01366
1.02532
1.07896
1.00671
1.09707
1.15943
1.0241
1.01785
1.15066
1.01444
1.05672
1.01406
1.0037
1.10353
1.05467
1.10829
1.03918
1.01658
1.04515
1.37102
1.16523
1.11897
1.40169
1.12381
1.02848
1.01882
1.01306
1.01607
1.08189
1.26397
1.05072
1.00124
1.24031
1.12612
1.06519
1.07244
1.0966
1.04254
1.14488
1.11238
1.00616
1.0418
1.01049
1.00599
1.14663
1.02708
1.1415
1.00649
1.00204
1.193
1.08181
1.04585
1.02795
1.01799
1.03793
1.02198
1.03117
1.04032
1.08308
1.01436
1.01756
1.04905
1.00091
1.01077
1.19708
1.09481
1.00277
1.01212
1.00708
1.05423
1.02057
1.03753
1.14864
1.02245
1.05811
1.03298
1.0284
1.14342
1.02628
1.12745
1.00799
1.0283
1.07885
1.04387
1.03895
1.04414
1.04887
1.04715
1.0016
1.51176
1.10213
1.16214
1.18227
1.20181
1.03209
1.11283
1.15242
1.02473
1.10295
1.00167
1.10688
1.05391
1.04711
1.11413
1.1131
1.01877
1.14431
1.01598
1.01246
1.01054
1.03786
1.20262
1.04603
1.0629
1.04347
1.01739
1.00933
1.06664
1.04728
1.04234
1.09423
1.11642
1.01845
1.01423
1.14297
1.00541
1.13606
1.04418
1.03867
1.04035
1.01772
1.07202
1.15536
1.03655
1.00245
1.07068
1.1392
1.09791
1.09013
1.02976
1.00374
1.0159
1.24262
1.0282
1.20335
1.01015
1.4768
1.07386
1.00448
1.18944
1.02096
1.16224
1.20572
1.0058
1.02375
1.03308
1.05316
1.02703
1.04783
1.00187
1.01585
1.13106
1.16394
1.11866
1.13683
1.06471
1.02293
1.29441
1.04532
1.03079
1.00589
1.0726
1.01424
1.01696
1.00236
1.16632
1.0396
1.03494
1.14345
1.21086
1.01395
1.08713
1.04648
1.06974
1.06555
1.01335
1.00959
1.12539
1.09904
1.01149
1.01747
1.03747
1.21403
1.01767
1.16618
1.07273
1.11941
1.06047
1.02623
1.10575
1.52043
1.01252
1.00169
1.0326
1.01685
1.04326
1.02275
1.0231
1.02048
1.14107
1.31903
1.17309
1.01177
1.05237
1.1823
1.14128
1.05499
1.00851
1.15173
1.04338
1.02898
1.12408
1.10125
1.13409
1.08495
1.02224
1.0512
1.2365
1.06224
1.01747
1.08749
1.0583
1.04757
1.07093
1.18471
1.31414
1.0246
1.05524
1.11192
1.06975
1.10228
1.06164
1.13009
1.05867
1.00491
1.0452
1.06643
1.22557
1.14033
1.00476
1.03584
1.11844
1.0311
1.0169
1.01772
1.32248
1.07023
1.03717
1.02966
1.04012
1.01106
1.06246
1.14644
1.08324
1.01613
1.25429
1.01502
1.02746
1.05918
1.05794
1.11544
1.0229
1.08413
1.1076
1.02584
1.10658
1.01088
1.14882
1.18205
1.00464
1.16261
1.00018
1.042
1.00145
1.13371
1.01386
1.04279
1.0288
1.00754
1.01952
1.13086
1.13975
1.02336
1.16878
1.242
1.03181
1.03012
1.01393
1.06377
1.14022
1.01917
1.00763
1.00092
1.31996
1.09681
1.21068
1.00267
1.03132
1.04508
1.06831
1.02335
1.12084
1.04408
1.00411
1.16316
1.00334
1.13173
1.21615
1.04333
1.01505
1.21647
1.03349
1.02566
1.0029
1.23563
1.10792
1.08044
1.03057
1.00271
1.11727
1.24188
1.06349
1.02251
1.03268
1.02918
1.01541
1.05884
1.01129
1.01744
1.03259
1.04909
1.01031
1.00455
1.07226
1.07789
1.0583
1.01162
1.0481
1.02496
1.00237
1.05972
1.00788
1.05343
1.04957
1.22419
1.04013
1.43493
1.00165
1.03486
1.00524
1.08115
1.19428
1.01473
1.01396
1.03119
1.06266
1.05911
1.19861
1.19366
1.05175
1.35621
1.12491
1.13542
1.02691
1.01365
1.01742
1.02065
1.03179
1.08346
1.05129
1.0319
1.0071
1.26005
1.10253
1.06791
1.0395
1.12864
1.0626
1.13264
1.00535
1.0485
1.16512
1.30253
1.0765
1.04988
1.01412
1.01092
1.05607
1.21534
1.02438
1.01036
1.12223
1.13139
1.12693
1.20119
1.02314
1.05034
1.02772
1.00469
1.01339
1.08253
1.14906
1.06654
1.0696
1.11031
1.04172
1.07125
1.04238
1.0574
1.12658
1.02023
1.11818
1.09522
1.00239
1.24116
1.0254
1.01167
1.15989
1.06533
1.02103
1.00084
1.00209
1.01109
1.04572
1.00935
1.00628
1.08922
1.01059
1.06158
1.02868
1.02724
1.07158
1.00019
1.05305
1.05715
1.02661
1.03167
1.04915
1.01697
1.08552
1.02961
1.02525
1.05754
1.0229
1.16905
1.01794
1.01945
1.01429
1.04348
1.00076
1.03589
1.03111
1.04292
1.04508
1.03336
1.00747
1.00774
1.03172
1.10642
1.10224
1.26974
1.00985
1.00816
1.17754
1.01723
1.11016
1.021
1.01355
1.04708
1.06971
1.04694
1.04817
1.00583
1.02277
1.01431
1.07695
1.1231
1.00148
1.11092
1.10602
1.30829
1.03486
1.02401
1.0971
1.11482
1.0453
1.00272
1.08589
1.01009
1.03892
1.0078
1.05051
1.09753
1.03653
1.09391
1.0689
1.00688
1.09133
1.11302
1.03557
1.02641
1.04842
1.0634
1.10432
1.01939
1.07712
1.08279
1.08517
1.04818
1.00042
1.07525
1.0511
1.15159
1.13236
1.0125
1.00272
1.05075
1.1135
1.02217
1.02829
1.0343
1.06847
1.02041
1.30706
1.00335
1.06685
1.0229
1.07584
1.0158
1.18677
1.13783
1.14767
1.02701
1.00387
1.20998
1.05701
1.23454
1.00885
1.02563
1.00004
1.00747
1.02029
1.00886
1.06811
1.02175
1.10166
1.053
1.04727
1.02156
1.04177
1.07926
1.0242
1.16673
1.06596
1.01708
1.0711
1.00942
1.03885
1.03081
1.19777
1.23101
1.04045
1.23175
1.02533
1.05249
1.18403
1.09238
1.01943
1.14521
1.02864
1.67176
1.08453
1.0218
1.23819
1.00551
1.00293
1.17609
1.21659
1.06969
1.05594
1.00999
1.05301
1.08596
1.11559
1.07675
1.23611
1.11789
1.00075
1.07366
1.05889
1.33685
1.02231
1.09071
1.00655
1.01852
1.08336
1.00289
1.06022
1.07055
1.00304
1.1362
1.01484
1.05356
1.00356
1.05999
1.09883
1.16717
1.0095
1.05297
1.0179
1.08695
1.0089
1.03956
1.01601
1.00559
1.07103
1.03578
1.05169
1.03949
1.05092
1.10709
1.01559
1.02705
1.00552
1.00056
1.18793
1.02803
1.00177
1.05612
1.0117
1.03614
1.31123
1.05892
1.01269
1.02499
1.05932
1.03873
1.11344
1.01113
1.09063
1.02266
1.01051
1.03715
1.00414
1.01192
1.02044
1.07376
1.01213
1.03497
1.00021
1.02165
1.03265
1.11156
1.00661
1.04453
1.15542
1.10669
1.00254
1.022
1.03175
1.00153
1.14619
1.19986
1.01599
1.0075
1.1106
1.20539
1.10676
1.02722
1.209
1.148
1.0065
1.11865
1.02843
1.00661
1.19785
1.00423
1.13423
1.01219
1.20446
1.00989
1.01565
1.10652
1.03939
1.05228
1.02465
1.02448
1.01081
1.04652
1.14927
1.00182
1.01419
1.10378
1.04441
1.05475
1.02676
1.06481
1.17229
1.00708
1.10422
1.04424
1.14548
1.25581
1.0236
1.0373
1.17327
1.0351
1.06747
1.01486
1.02807
1.04861
1.01776
1.05162
1.01206
1.14225
1.0143
1.07155
1.02891
1.00659
1.02017
1.0046
1.0237
1.0332
1.35601
1.0018
1.01362
1.07982
1.25304
1.11426
1.11637
1.01511
1.02189
1.07162
1.21883
1.00508
1.00194
1.03945
1.00429
1.11332
1.21495
1.10303
1.03056
1.04561
1.00142
1.27961
1.0205
1.02879
1.05175
1.05629
1.17037
1.09252
1.01042
1.0577
1.01508
1.01939
1.11557
1.05043
1.17826
1.15887
1.06402
1.00073
1.05885
1.04943
1.09383
1.02302
1.22403
1.1064
1.11957
1.11856
1.00406
1.01119
1.19484
1.03032
1.01377
1.11417
1.00641
1.01041
1.04962
1.02358
1.02632
1.02552
1.05562
1.02498
1.01217
1.0137
1.09201
1.0074
1.03728
1.18305
1.23867
1.11146
1.04196
1.30589
1.08033
1.06847
1.15993
1.03455
1.04816
1.07718
1.01005
1.01272
1.05996
1.02956
1.08652
1.10379
1.0181
1.09756
1.28266
1.07435
1.08614
1.01415
1.05989
1.04421
1.0363
1.20803
1.01224
1.02766
1.1393
1.01992
1.00978
1.30666
1.08846
1.03775
1.15541
1.16288
1.03485
1.00543
1.20719
1.00241
1.04347
1.15285
1.18226
1.11222
1.06544
1.10984
1.28658
1.00516
1.08641
1.29172
1.00809
1.11853
1.00946
1.1707
1.01272
1.15051
1.08113
1.08325
1.01641
1.20348
1.12943
1.04874
1.15278
1.04984
1.02468
1.01733
1.14732
1.04734
1.04148
1.01933
1.08128
1.02471
1.01935
1.09716
1.1415
1.00419
1.08306
1.15754
1.22433
1.23891
1.14308
1.11136
1.07716
1.10836
1.15869
1.05686
1.12397
1.01906
1.00131
1.06968
1.04696
1.07414
1.13922
1.0215
1.09438
1.02108
1.08736
1.05269
1.07263
1.09887
1.01488
1.03061
1.12576
1.02989
1.09464
1.21452
1.09347
1.038
1.01119
1.1869
1.00525
1.02728
1.17275
1.00611
1.05292
1.07555
1.02995
1.00414
1.25378
1.03318
1.02096
1.18112
1.03827
1.03774
1.02972
1.42186
1.10292
1.00427
1.01884
1.00019
1.22197
1.04889
1.03247
1.27641
1.02188
1.29163
1.03347
1.02432
1.0077
1.04485
1.02198
1.01587
1.06664
1.06887
1.18889
1.03088
1.01435
1.0147
1.16839
1.07411
1.05809
1.07472
1.01413
1.14627
1.06181
1.03982
1.17351
1.02188
1.02589
1.00232
1.00064
1.15016
1.06111
1.0021
1.0318
1.04743
1.10026
1.07887
1.01075
1.0022
1.07575
1.12472
1.02525
1.15103
1.02651
1.11264
1.55894
1.00889
1.07653
1.13519
1.29896
1.06697
1.03891
1.16547
1.01035
1.01295
1.03459
1.15587
1.00211
1.01899
1.00016
1.0072
1.01467
1.03288
1.16128
1.05319
1.05757
1.06223
1.05703
1.03042
1.04586
1.11666
1.05542
1.08643
1.30006
1.03296
1.00216
1.59253
1.20852
1.04281
1.07829
1.23853
1.24883
1.03298
1.07833
1.02333
1.02271
1.04972
1.07789
1.05328
1.05854
1.09961
1.02408
1.07247
1.02354
1.14471
1.01648
1.18886
1.024
1.01372
1.00744
1.04394
1.02863
1.08773
1.03886
1.2792
1.01359
1.01494
1.03062
1.08512
1.07008
1.0077
1.14501
1.07988
1.02293
1.05161
1.04087
1.07502
1.10624
1.02972
1.0767
1.02588
1.11845
1.01339
1.07746
1.09621
1.05213
1.06378
1.04334
1.02953
1.05047
1.0023
1.01336
1.12796
1.00915
1.03421
1.07193
1.00375
1.0306
1.04614
1.07967
1.05214
1.27264
1.05725
1.0021
1.06127
1.02115
1.16594
1.15027
1.09122
1.21818
1.1038
1.01407
1.03777
1.02168
1.02089
1.04193
1.09486
1.08471
1.04823
1.02155
1.02132
1.01298
1.33427
1.03968
1.00334
1.29427
1.00602
1.18223
1.08075
1.07855
1.07166
1.09682
1.01171
1.02881
1.01153
1.22463
1.01592
1.01691
1.00254
1.1797
1.00949
1.10464
1.03576
1.32034
1.03083
1.15583
1.00805
1.16397
1.07917
1.07726
1.02849
1.2223
1.02612
1.00756
1.23986
1.17475
1.03171
1.02607
1.11579
1.05252
1.14512
1.10827
1.13042
1.00576
1.10101
1.03935
1.00026
1.02487
1.05832
1.00355
1.1628
1.0722
1.13224
1.00014
1.06372
1.02838
1.04062
1.22382
1.01115
1.23781
1.18978
1.06537
1.02703
1.27465
1.34429
1.01366
1.38245
1.01823
1.00791
1.25387
1.0148
1.15266
1.12568
1.10626
1.00952
1.01798
1.01532
1.10962
1.01186
1.12584
1.05137
1.01337
1.00915
1.1775
1.10914
1.11956
1.02066
1.0407
1.01008
1.10377
1.10968
1.00203
1.15641
1.01419
1.02862
1.05429
1.05188
1.04804
1.0976
1.05722
1.05289
1.07924
1.10779
1.15813
1.02332
1.2576
1.05331
1.12121
1.17283
1.08814
1.00442
1.02916
1.23389
1.07879
1.10848
1.20947
1.08423
1.07779
1.09075
1.08809
1.44962
1.07122
1.00105
1.42008
1.16278
1.1228
1.06055
1.02784
1.0286
1.02069
1.02114
1.38882
1.01317
1.02931
1.03739
1.0589
1.18902
1.20073
1.10497
1.05496
1.11802
1.01792
1.03101
1.09769
1.03151
1.00848
1.00032
1.19235
1.03418
1.01288
1.02307
1.01266
1.02221
1.01188
1.10147
1.01454
1.0054
1.12039
1.00483
1.09806
1.00573
1.08294
1.01581
1.00044
1.02714
1.05918
1.19239
1.03408
1.013
1.00679
1.0088
1.09333
1.10281
1.00728
1.04637
1.02274
1.06902
1.11574
1.0147
1.14523
1.0451
1.14271
1.01445
1.0051
1.03535
1.2708
1.16615
1.02221
1.22501
1.10486
1.10204
1.10668
1.08426
1.08113
1.01859
1.3012
1.04348
1.00208
1.21014
1.04934
1.04716
1.21824
1.01282
1.00362
1.05562
1.10182
1.07339
1.11209
1.08542
1.04128
1.00613
1.05474
1.00962
1.02574
1.06063
1.00797
1.02488
1.1559
1.02078
1.14249
1.02739
1.12617
1.24382
1.12468
1.18416
1.01163
1.03676
1.09407
1.16427
1.01278
1.07016
1.02545
1.02946
1.01004
1.02773
1.20989
1.01608
1.02898
1.12471
1.0692
1.01182
1.1726
1.07465
1.21004
1.05386
1.02035
1.08212
1.20509
1.02931
1.05983
1.07893
1.01382
1.01997
1.10177
1.11019
1.12308
1.05525
1.08797
1.03821
1.00653
1.12788
1.01408
1.02827
1.13341
1.09956
1.01087
1.06803
1.0053
1.06049
1.04526
1.05931
1.13571
1.07397
1.00579
1.06902
1.05507
1.01205
1.01051
1.05713
1.0073
1.00396
1.04799
1.0995
1.38033
1.05516
1.0422
1.04014
1.01287
1.04984
1.20753
1.0618
1.08432
1.03294
1.04347
1.0465
1.09563
1.01583
1.07238
1.07984
1.20717
1.04011
1.05795
1.11927
1.05834
1.01602
1.00778
1.05138
1.01542
1.03622
1.01813
1.02051
1.10914
1.00038
1.05182
1.05159
1.15782
1.00913
1.14787
1.0591
1.0207
1.00837
1.07221
1.2141
1.06381
1.0419
1.03798
1.0714
1.12738
1.0251
1.08697
1.03259
1.45114
1.06235
1.08981
1.14696
1.04012
1.14091
1.11826
1.09538
1.07048
1.039
1.05999
1.12345
1.07847
1.04589
1.09097
1.08133
1.00956
1.21332
1.0195
1.04741
1.0252
1.0561
1.05437
1.08277
1.24737
1.02093
1.0925
1.01804
1.07277
1.072
1.02147
1.01492
1.01621
1.16408
1.04385
1.09807
1.01936
1.20658
1.02222
1.36637
1.17812
1.18675
1.03232
1.00756
1.03865
1.26164
1.0258
1.53296
1.3678
1.02909
1.01402
1.00503
1.03034
1.14342
1.0778
1.02061
1.02944
1.0452
1.2543
1.04832
1.17152
1.0043
1.06105
1.0747
1.00374
1.0366
1.03069
1.01158
1.02487
1.08913
1.03008
1.0425
1.0142
1.03138
1.11611
1.05749
1.00191
1.00414
1.23671
1.27735
1.07444
1.03184
1.08638
1.42416
1.20496
1.0015
1.12961
1.13775
1.18601
1.01912
1.0568
1.02274
1.08742
1.02995
1.19822
1.09354
1.01719
1.04387
1.00205
1.12857
1.01855
1.04182
1.0056
1.02159
1.10971
1.08374
1.09571
1.02247
1.24478
1.01753
1.04704
1.00594
1.0305
1.03906
1.06557
1.02485
1.00704
1.00289
1.02801
1.05932
1.05217
1.02597
1.19621
1.03211
1.02146
1.06668
1.02644
1.04113
1.14508
1.05542
1.54895
1.00409
1.08346
1.0407
1.12906
1.00627
1.37767
1.01391
1.01739
1.04565
1.02243
1.0203
1.00043
1.07791
1.01726
1.02187
1.22497
1.02662
1.08015
1.03306
1.01743
1.09574
1.12104
1.03481
1.12627
1.07064
1.21026
1.00513
1.086
1.1869
1.11561
1.016
1.03203
1.1899
1.00214
1.02502
1.05456
1.10918
1.02116
1.21531
1.13636
1.02617
