0.660157 0.674799
0.575215 0.598486
0.670163 0.675241
0.614969 0.632026
0.538325 0.592955
0.505644 0.597961
0.591094 0.666558
0.552301 0.631571
0.60397 0.657751
0.469897 0.53709
0.605059 0.621677
0.529704 0.619275
0.442839 0.617551
0.608118 0.642192
0.494177 0.607189
0.558492 0.563169
0.523585 0.553383
0.668112 0.675232
0.605583 0.658487
0.589326 0.610101
0.590156 0.614652
0.643135 0.665683
0.533637 0.653118
0.520951 0.613798
0.528833 0.606539
0.594017 0.611434
0.568984 0.600047
0.557222 0.598487
0.553192 0.571043
0.594088 0.633637
0.495405 0.522398
0.603591 0.626746
0.572116 0.620143
0.56226 0.562507
0.611907 0.624774
0.639814 0.659864
0.657799 0.715936
0.643927 0.655416
0.556789 0.639951
0.508592 0.647476
0.6406 0.676388
0.542972 0.628786
0.547143 0.62597
0.598047 0.625431
0.483736 0.589582
0.548071 0.586107
0.595783 0.596038
0.502658 0.537229
0.620326 0.637211
0.548622 0.55992
0.62927 0.632074
0.533156 0.546995
0.622382 0.63401
0.534905 0.612622
0.55948 0.564532
0.618638 0.6198
0.605519 0.620197
0.547712 0.644633
0.531338 0.643549
0.605991 0.635199
0.511392 0.621677
0.460831 0.531183
0.545108 0.599045
0.580122 0.60728
0.593347 0.610253
0.534978 0.6239
0.558603 0.567015
0.506057 0.61538
0.625158 0.631802
0.586107 0.598705
0.55636 0.591427
0.48077 0.545321
0.52677 0.593581
0.576052 0.617074
0.581216 0.664023
0.587259 0.618544
0.612846 0.63784
0.585546 0.619335
0.581759 0.614162
0.620973 0.632155
0.560325 0.614796
0.604885 0.61191
0.581091 0.594847
0.62572 0.626355
0.611901 0.633596
0.506883 0.533323
0.513905 0.633607
0.612779 0.649193
0.608285 0.615661
0.553151 0.559765
0.579641 0.592153
0.522894 0.605837
0.608651 0.625769
0.564409 0.637605
0.545649 0.607607
0.591468 0.6299
0.606156 0.629988
0.591945 0.603239
0.538699 0.592969
0.613075 0.639902
0.554772 0.620344
0.579 0.598486
0.590251 0.630497
0.628603 0.630137
0.540863 0.584369
0.603688 0.616133
0.650072 0.689456
0.634992 0.64643
0.493948 0.608145
0.53788 0.563534
0.585438 0.623172
0.567104 0.603883
0.59971 0.599971
0.60179 0.607257
0.498706 0.625335
0.461144 0.622178
0.545908 0.574901
0.593676 0.635328
0.633429 0.634773
0.617907 0.618291
0.583445 0.58609
0.461259 0.642392
0.491552 0.54923
0.568353 0.585833
0.674137 0.681457
0.611622 0.620748
0.610341 0.62011
0.661413 0.683136
0.431298 0.483409
0.569003 0.603456
0.571938 0.626812
0.484259 0.622334
0.47877 0.538699
0.516063 0.613409
0.62753 0.647403
0.609036 0.62038
0.530855 0.566179
0.598438 0.650522
0.606071 0.637694
0.539497 0.574189
0.48833 0.550685
0.528527 0.611388
0.622662 0.647565
0.588024 0.598943
0.600331 0.628067
0.589043 0.592847
0.622318 0.631598
0.621988 0.62522
0.612231 0.614484
0.614942 0.648907
0.614033 0.622371
0.540863 0.588032
0.547963 0.599338
0.410697 0.598037
0.642199 0.655999
0.591594 0.594135
0.645794 0.658997
0.488114 0.590696
0.628681 0.645082
0.57853 0.652392
0.538163 0.607133
0.626025 0.635111
0.592524 0.607014
0.606923 0.627474
0.561952 0.584879
0.536357 0.604047
0.615174 0.620906
0.581987 0.59033
0.585357 0.60461
0.603239 0.639158
0.538361 0.603488
0.647595 0.656978
0.560825 0.585527
0.564979 0.641838
0.589442 0.612732
0.586266 0.610715
0.471176 0.526521
0.564865 0.623784
0.551046 0.552578
0.572982 0.621424
0.573747 0.598495
0.579502 0.614261
0.633823 0.638037
0.523485 0.596537
0.562804 0.615661
0.380813 0.601529
0.5771 0.589798
0.556375 0.595778
0.634485 0.65226
0.562833 0.581843
0.58455 0.592555
0.595701 0.635257
0.543478 0.613698
0.616441 0.658919
0.568537 0.582704
0.569992 0.60196
0.623028 0.649673
0.588205 0.607853
0.633738 0.637742
0.587138 0.625812
0.633144 0.65289
0.635975 0.660302
0.683247 0.693953
0.55838 0.596692
0.590033 0.667601
0.621302 0.627169
0.594271 0.613941
0.621923 0.645048
0.61113 0.622953
0.570464 0.596299
0.569246 0.62682
0.552444 0.674512
0.582783 0.610341
0.599168 0.623222
0.560544 0.589568
0.529191 0.597623
0.527549 0.619866
0.626125 0.6468
0.5512 0.64354
0.567864 0.619012
0.621074 0.63088
0.577613 0.592654
0.613044 0.65278
0.516409 0.597311
0.544672 0.63809
0.62599 0.630236
0.579166 0.617501
0.592945 0.612595
0.589389 0.637644
0.611217 0.629516
0.645838 0.652357
0.637531 0.651501
0.615082 0.633066
0.63593 0.66834
0.595098 0.610679
0.578388 0.612846
0.542637 0.61129
0.578065 0.636369
0.576463 0.622662
0.537978 0.572025
0.612202 0.627389
0.581216 0.599795
0.615208 0.630021
0.527847 0.634668
0.642067 0.649132
0.578543 0.605526
0.634827 0.666747
0.53423 0.61953
0.57436 0.574821
0.564187 0.662467
0.582323 0.608145
0.574621 0.612956
0.608731 0.613707
0.518838 0.620111
0.518673 0.609857
0.575215 0.593217
0.60451 0.620943
0.498609 0.513156
0.594843 0.636693
0.511796 0.533478
0.552461 0.564382
0.616953 0.644428
0.579083 0.590263
0.618769 0.623747
0.571116 0.651297
0.590477 0.6109
0.594659 0.659592
0.649981 0.655029
0.615698 0.656646
0.507123 0.637499
0.545268 0.55292
0.559625 0.566807
0.562325 0.637606
0.497189 0.625128
0.598737 0.639196
0.522672 0.605456
0.551607 0.56125
0.593953 0.625459
0.490744 0.563906
0.558083 0.567421
0.571195 0.606016
0.632128 0.638372
0.627569 0.634243
0.48988 0.648012
0.571043 0.607159
0.457151 0.544794
0.552732 0.576839
0.585864 0.592545
0.611173 0.611885
0.594675 0.599686
0.523096 0.554243
0.592725 0.616505
0.600331 0.64883
0.586795 0.593415
0.469911 0.530892
0.649132 0.649827
0.614039 0.615931
0.581091 0.596791
0.566796 0.629859
0.635928 0.655844
0.527303 0.609894
0.548563 0.664299
0.593593 0.593836
0.556936 0.591565
0.503189 0.507242
0.639971 0.682315
0.594105 0.596035
0.539377 0.595359
0.619634 0.624196
0.49772 0.535093
0.580832 0.60861
0.60953 0.614807
0.520951 0.58807
0.586085 0.593209
0.585654 0.607093
0.641578 0.654598
0.560582 0.620048
0.615059 0.6467
0.530176 0.553963
0.607537 0.609514
0.591069 0.662763
0.580988 0.602897
0.601076 0.614033
0.517359 0.550947
0.548966 0.59939
0.542972 0.643774
0.543758 0.571938
0.575676 0.586419
0.526974 0.602636
0.49566 0.496259
0.574078 0.62005
0.492202 0.615358
0.574901 0.607841
0.616806 0.636906
0.646153 0.673011
0.587913 0.59195
0.537168 0.610443
0.642676 0.661695
0.648981 0.657754
0.593347 0.596658
0.572269 0.635064
0.576939 0.58455
0.634827 0.635755
0.606913 0.612312
0.607768 0.608318
0.624999 0.632153
0.595363 0.663626
0.59476 0.596221
0.579957 0.643494
0.531038 0.574315
0.612956 0.643413
0.536058 0.580988
0.561335 0.609537
0.615039 0.64043
0.552617 0.564532
0.586225 0.626913
0.59073 0.616048
0.617878 0.63615
0.500082 0.662474
0.58401 0.597417
0.660451 0.660587
0.517786 0.605484
0.513503 0.525837
0.607538 0.652377
0.558279 0.625464
0.539767 0.615694
0.509143 0.625777
0.612896 0.643737
0.629988 0.654086
0.584422 0.593188
0.54305 0.543758
0.585032 0.638515
0.637818 0.646008
0.638818 0.641818
0.551386 0.629474
0.582724 0.606222
0.573361 0.588455
0.576664 0.608432
0.609782 0.636906
0.590877 0.641409
0.588797 0.612658
0.621858 0.62443
0.521358 0.571789
0.606897 0.624428
0.584549 0.593311
0.585896 0.601921
0.547963 0.562274
0.46642 0.557392
0.546477 0.553635
0.641665 0.654911
0.617274 0.648869
0.546746 0.585345
0.607764 0.617514
0.544347 0.601497
0.476277 0.566139
0.48833 0.572904
0.609148 0.614437
0.60323 0.648566
0.673541 0.673657
0.594125 0.646743
0.659514 0.663496
0.605709 0.616586
0.606077 0.609153
0.628444 0.646798
0.529304 0.588909
0.624368 0.627878
0.565729 0.606481
0.578805 0.633599
0.606481 0.612167
0.556685 0.573361
0.615858 0.625914
0.601921 0.624176
0.621735 0.62175
0.494177 0.590387
0.580298 0.646694
0.526788 0.634323
0.615694 0.6468
0.539497 0.582356
0.578623 0.647447
0.595359 0.600143
0.613812 0.615133
0.605228 0.660215
0.469745 0.541126
0.609907 0.632074
0.569821 0.632902
0.604435 0.630416
0.659864 0.682464
0.670521 0.676886
0.602456 0.609795
0.552732 0.585465
0.490245 0.580561
0.623895 0.657466
0.64626 0.664907
0.596167 0.60542
0.577785 0.610935
0.559523 0.653427
0.514412 0.628924
0.59767 0.604573
0.540356 0.598264
0.635256 0.640828
0.558036 0.571555
0.577785 0.585527
0.548175 0.555565
0.595926 0.612076
0.602868 0.631549
0.560255 0.603572
0.618667 0.630844
0.620707 0.638392
0.523747 0.524942
0.574324 0.622962
0.660596 0.66161
0.556375 0.592322
0.623759 0.632416
0.545509 0.611974
0.551684 0.571278
0.577415 0.639605
0.537239 0.631925
0.591928 0.594228
0.608205 0.617718
0.599777 0.629105
0.410697 0.615555
0.50272 0.628444
0.600041 0.628726
0.589492 0.603703
0.620395 0.625763
0.61728 0.620254
0.599483 0.644482
0.490891 0.594564
0.572872 0.615613
0.565053 0.587913
0.586075 0.631549
0.552558 0.609178
0.613447 0.653378
0.558877 0.643216
0.595507 0.618655
0.597105 0.63525
0.610923 0.650383
0.61204 0.624064
0.551928 0.578382
0.56565 0.628742
0.646497 0.666775
0.572758 0.615562
0.613365 0.624745
0.513476 0.63065
0.549626 0.590398
0.588165 0.672022
0.520623 0.629442
0.565674 0.592948
0.544276 0.564885
0.574194 0.640706
0.59073 0.625005
0.504758 0.673454
0.538361 0.5868
0.465936 0.594368
0.581001 0.599528
0.510012 0.612231
0.569821 0.617074
0.61108 0.612076
0.50272 0.631704
0.633429 0.641689
0.617984 0.634418
0.608239 0.638222
0.527847 0.55176
0.671864 0.678546
0.622213 0.643777
0.509918 0.590199
0.56561 0.586507
0.571789 0.606871
0.541221 0.641393
0.55292 0.616253
0.598746 0.625196
0.537172 0.583445
0.5502 0.564402
0.593443 0.640292
0.530176 0.559528
0.551303 0.574926
0.546477 0.625218
0.57082 0.616409
0.510687 0.542428
0.594088 0.597039
0.583291 0.600055
0.392789 0.583419
0.541461 0.612571
0.517529 0.565554
0.637005 0.649674
0.595084 0.598882
0.630656 0.649211
0.607842 0.622233
0.568609 0.590248
0.582681 0.610679
0.512619 0.600353
0.55176 0.607159
0.574253 0.623445
0.551488 0.596321
0.581445 0.603021
0.62906 0.629517
0.613044 0.634992
0.532198 0.649933
0.593388 0.613508
0.640932 0.643884
0.553771 0.557754
0.598263 0.636259
0.539767 0.662467
0.610792 0.644307
0.614154 0.648304
0.560162 0.56385
0.638372 0.648283
0.617846 0.625238
0.624007 0.648866
0.637723 0.644036
0.623604 0.628078
0.559583 0.586209
0.505644 0.52632
0.548966 0.613229
0.575191 0.635852
0.646213 0.649673
0.497079 0.591069
0.619634 0.640165
0.582783 0.598321
0.513905 0.592932
0.482796 0.502942
0.564409 0.574702
0.631585 0.657967
0.574259 0.630444
0.591312 0.626588
0.574831 0.621835
0.485769 0.590897
0.595639 0.609058
0.445451 0.496259
0.596015 0.62254
0.607189 0.624462
0.559094 0.59476
0.570501 0.586194
0.638279 0.654513
0.594677 0.624806
0.637641 0.659242
0.609442 0.644322
0.592945 0.616203
0.575044 0.656968
0.508592 0.605576
0.625958 0.649722
0.603572 0.610865
0.62455 0.654587
0.574324 0.621302
0.53396 0.616409
0.522612 0.548639
0.56842 0.586496
0.619768 0.656344
0.545064 0.5748
0.497198 0.534193
0.650916 0.667546
0.566904 0.589691
0.497802 0.585742
0.544965 0.563169
0.446781 0.583574
0.563536 0.6064
0.596153 0.685906
0.503822 0.622831
0.547014 0.582792
0.555608 0.574621
0.567015 0.593292
0.594951 0.598138
0.579502 0.608134
0.398062 0.608651
0.626419 0.635304
0.51525 0.620157
0.600451 0.63506
0.541221 0.602489
0.509143 0.609564
0.594204 0.611749
0.637531 0.640074
0.601538 0.626746
0.530511 0.572145
0.552671 0.566636
0.479083 0.546614
0.577929 0.619729
0.549557 0.635703
0.594858 0.628216
0.564715 0.593767
0.54884 0.577112
0.533156 0.536717
0.543025 0.569614
0.503583 0.600555
0.574182 0.657047
0.621697 0.629343
0.513156 0.586782
0.628791 0.629024
0.544739 0.614309
0.644099 0.65984
0.642586 0.671371
0.667425 0.682296
0.586908 0.633466
0.583961 0.621329
0.559063 0.633295
0.595149 0.595386
0.605484 0.605928
0.635107 0.637973
0.560124 0.631162
0.580973 0.605837
0.52925 0.560255
0.575381 0.603442
0.573565 0.644256
0.598579 0.606077
0.662775 0.671238
0.676201 0.681742
0.581745 0.617328
0.523485 0.60482
0.593145 0.63435
0.57547 0.612732
0.62604 0.645433
0.606276 0.639842
0.570191 0.626961
0.604718 0.634855
0.462848 0.594974
0.616308 0.62901
0.606512 0.611173
0.563256 0.618536
0.490891 0.637223
0.510766 0.593716
0.619842 0.641778
0.544839 0.624931
0.519059 0.58928
0.559625 0.608843
0.618708 0.670501
0.595931 0.631832
0.631255 0.653827
0.564512 0.584193
0.568473 0.592969
0.562754 0.62161
0.475956 0.498181
0.635563 0.638645
0.608073 0.610921
0.561815 0.642471
0.579083 0.670763
0.493671 0.576645
0.629248 0.647693
0.515693 0.554797
0.593716 0.636257
0.589631 0.630826
0.592555 0.621858
0.580273 0.581119
0.557391 0.637285
0.502942 0.561952
0.57447 0.578669
0.567764 0.57505
0.623747 0.629719
0.612098 0.649626
0.63435 0.642718
0.522672 0.614154
0.594505 0.598474
0.616006 0.635088
0.606923 0.659061
0.47065 0.655157
0.550325 0.572116
0.469911 0.606868
0.62925 0.642865
0.64313 0.645701
0.521346 0.563313
0.516063 0.546277
0.557998 0.624572
0.599454 0.609111
0.538103 0.596104
0.389821 0.57712
0.586075 0.612202
0.471713 0.527979
0.54427 0.565955
0.531564 0.650172
0.596009 0.632257
0.568914 0.61213
0.557937 0.580756
0.596221 0.603856
0.519411 0.58775
0.627992 0.639474
0.579451 0.594659
0.599168 0.602566
0.491223 0.558104
0.608081 0.616943
0.541729 0.580561
0.559193 0.614118
0.542404 0.56524
0.627538 0.656189
0.496202 0.547561
0.540115 0.596321
0.577648 0.589127
0.590251 0.613668
0.584527 0.587239
0.529266 0.551499
0.543362 0.630865
0.62582 0.65909
0.577982 0.631199
0.638276 0.640956
0.564885 0.644441
0.574346 0.632845
0.506439 0.58608
0.461259 0.462848
0.490547 0.535235
0.635879 0.658554
0.616821 0.64737
0.583291 0.63849
0.638705 0.640236
0.513674 0.578388
0.564694 0.572572
0.55945 0.605894
0.607196 0.633167
0.600047 0.606897
0.521107 0.622381
0.392789 0.607668
0.589492 0.633788
0.563879 0.572027
0.561344 0.600555
0.608752 0.623725
0.579498 0.591658
0.558877 0.586194
0.644307 0.658784
0.604086 0.644274
0.560265 0.581929
0.603857 0.640551
0.469745 0.599454
0.594697 0.675887
0.555736 0.558884
0.578805 0.656896
0.606276 0.613544
0.530405 0.574189
0.423419 0.500604
0.537168 0.613689
0.588534 0.619748
0.567299 0.581754
0.545522 0.592507
0.554316 0.588975
0.635928 0.642969
0.503335 0.586093
0.515899 0.603239
0.599936 0.617361
0.590033 0.597056
0.614461 0.643774
0.620645 0.629215
0.530199 0.599645
0.523527 0.554528
0.622896 0.629288
0.555118 0.599146
0.541732 0.604643
0.509807 0.576839
0.562279 0.629188
0.583131 0.622902
0.582393 0.653396
0.630213 0.638823
0.589319 0.617053
0.579451 0.613077
0.617037 0.645376
0.561543 0.59983
0.560096 0.587239
0.597288 0.614261
0.56636 0.589145
0.606655 0.635847
0.518941 0.552002
0.649587 0.678301
0.529191 0.593605
0.637973 0.643466
0.604431 0.646722
0.41856 0.584273
0.570551 0.612123
0.540762 0.622953
0.598554 0.61806
0.625383 0.668763
0.578796 0.646986
0.619748 0.680221
0.607938 0.610147
0.600017 0.628587
0.607619 0.628386
0.59796 0.607117
0.542428 0.563534
0.560693 0.573347
0.589582 0.598727
0.520208 0.541135
0.506968 0.521358
0.534565 0.553383
0.510687 0.629386
0.573784 0.578572
0.622702 0.64108
0.59279 0.603488
0.5712 0.58825
0.536578 0.588808
0.623655 0.633916
0.618299 0.65552
0.485431 0.572647
0.589687 0.596221
0.581759 0.585289
0.550507 0.615928
0.628006 0.628802
0.562279 0.634556
0.526788 0.598712
0.552461 0.600336
0.617081 0.654779
0.606618 0.611038
0.609857 0.632432
0.527647 0.603892
0.524056 0.533478
0.524056 0.558095
0.568771 0.610101
0.558613 0.609921
0.577929 0.587611
0.571116 0.597382
0.566636 0.596299
0.593209 0.601778
0.617708 0.628416
0.530966 0.640543
0.580767 0.647509
0.585438 0.596831
0.489147 0.500604
0.615458 0.616384
0.612382 0.635399
0.591945 0.643684
0.659408 0.66017
0.614988 0.638999
0.546614 0.598356
0.632025 0.641091
0.590899 0.609921
0.619419 0.621193
0.53116 0.531392
0.486742 0.601939
0.573238 0.607704
0.502154 0.598882
0.598749 0.61944
0.505429 0.581449
0.518941 0.598312
0.580607 0.584488
0.570655 0.641518
0.613075 0.62246
0.62315 0.62481
0.591969 0.617059
0.656012 0.661468
0.50831 0.609795
0.566546 0.592507
0.608134 0.615939
0.590156 0.597458
0.54305 0.564715
0.519337 0.599686
0.606655 0.621825
0.644659 0.647255
0.565674 0.582874
0.634485 0.663554
0.553696 0.586817
0.553151 0.625208
0.501775 0.542404
0.62147 0.638358
0.600985 0.639875
0.558326 0.611749
0.584852 0.603376
0.552953 0.655465
0.588146 0.621825
0.530171 0.637842
0.522894 0.630425
0.587696 0.617805
0.618404 0.660564
0.60603 0.638289
0.624428 0.644136
0.575809 0.587064
0.551046 0.592545
0.513674 0.572971
0.596707 0.597237
0.502154 0.600699
0.534343 0.624763
0.631836 0.642462
0.599045 0.656513
0.677318 0.687608
0.557961 0.558163
0.572599 0.630952
0.638173 0.646893
0.578235 0.592877
0.521509 0.562688
0.616245 0.62038
0.552058 0.605647
0.508869 0.589999
0.630952 0.646158
0.595142 0.605763
0.501663 0.577243
0.594771 0.603359
0.629813 0.665538
0.598712 0.607133
0.604737 0.606976
0.566546 0.625198
0.551992 0.582171
0.539006 0.597374
0.621793 0.646153
0.497802 0.506057
0.581449 0.607704
0.478233 0.655668
0.515716 0.600928
0.549407 0.614768
0.428085 0.600041
0.587459 0.66019
0.613143 0.630603
0.548563 0.558884
0.62002 0.628116
0.593836 0.603377
0.571849 0.618676
0.514523 0.65034
0.570551 0.599489
0.577243 0.577961
0.431298 0.534942
0.56636 0.637787
0.613892 0.653909
0.604084 0.647842
0.595527 0.653054
0.589657 0.614742
0.59005 0.675535
0.578724 0.643762
0.616441 0.62024
0.581187 0.605484
0.600421 0.606717
0.636582 0.640395
0.544794 0.624676
0.581006 0.596742
0.57104 0.651844
0.614304 0.618291
0.626539 0.627815
0.472061 0.563168
0.614533 0.664807
0.598328 0.625763
0.593311 0.609894
0.582477 0.592955
0.617817 0.641252
0.502461 0.513503
0.579471 0.597533
0.598438 0.622565
0.566475 0.613538
0.65078 0.660123
0.64883 0.660226
0.534905 0.561141
0.600136 0.600681
0.628081 0.634843
0.533503 0.638645
0.584422 0.63983
0.589834 0.591468
0.645528 0.653353
0.558847 0.562804
0.611411 0.644567
0.615044 0.627698
0.634484 0.658295
0.52488 0.602897
0.633596 0.647818
0.61594 0.651732
0.613105 0.633322
0.541832 0.557222
0.539558 0.616943
0.623481 0.639866
0.594089 0.669808
0.585011 0.589687
0.511599 0.526079
0.55665 0.60054
0.614869 0.641842
0.536224 0.55711
0.626779 0.654442
0.558247 0.585529
0.614444 0.643415
0.611697 0.612677
0.445622 0.673675
0.544809 0.600451
0.532008 0.618269
0.511796 0.605081
0.423419 0.508869
0.544839 0.562325
0.589302 0.655795
0.53396 0.615344
0.601076 0.615939
0.553105 0.610046
0.59493 0.595926
0.55636 0.615825
0.520699 0.548772
0.590451 0.618268
0.51521 0.574012
0.554772 0.617517
0.514124 0.523773
0.538163 0.615825
0.5512 0.560009
0.635002 0.642911
0.536578 0.542232
0.555608 0.576645
0.54649 0.657217
0.60323 0.630994
0.589798 0.626898
0.616384 0.643179
0.604968 0.615488
0.614431 0.620163
0.625128 0.666787
0.600353 0.628736
0.576052 0.600443
0.549407 0.601178
0.544672 0.608081
0.614233 0.625564
0.569003 0.5771
0.526714 0.602017
0.663232 0.666819
0.488114 0.554528
0.612966 0.64005
0.574736 0.596961
0.550685 0.572904
0.623488 0.634537
0.535235 0.573784
0.519768 0.600519
0.638275 0.661602
0.584273 0.585701
0.552671 0.591732
0.495997 0.565042
0.601828 0.660751
0.599841 0.653907
0.578669 0.595893
0.626891 0.629236
0.568606 0.577648
0.518838 0.644721
0.606646 0.623756
0.525905 0.632851
0.648764 0.655346
0.427442 0.631245
0.619514 0.665269
0.609921 0.612654
0.550866 0.655221
0.539461 0.550769
0.448012 0.520699
0.495556 0.597502
0.636949 0.640646
0.624532 0.639365
0.603715 0.623689
0.510709 0.537858
0.523704 0.537858
0.586128 0.614162
0.60206 0.603187
0.644751 0.654971
0.547303 0.61903
0.56107 0.653054
0.506883 0.567029
0.543025 0.617328
0.605928 0.64514
0.582171 0.595523
0.47065 0.609213
0.593149 0.620033
0.594736 0.613048
0.683146 0.687172
0.573159 0.614768
0.630611 0.639593
0.632407 0.643135
0.618269 0.619729
0.588606 0.686501
0.602566 0.626425
0.652774 0.675582
0.522467 0.597417
0.50831 0.615491
0.549127 0.556789
0.562466 0.611472
0.575809 0.602574
0.553696 0.59231
0.597384 0.636546
0.646735 0.65537
0.600336 0.606095
0.479083 0.539157
0.557391 0.612595
0.623898 0.631069
0.587691 0.597961
0.586456 0.608432
0.512176 0.621797
0.604076 0.614753
0.572714 0.667888
0.593282 0.636434
0.531299 0.594741
0.599169 0.635401
0.58928 0.604737
0.551185 0.609471
0.40237 0.611776
0.616593 0.624313
0.630949 0.632014
0.573011 0.591693
0.600535 0.610651
0.634855 0.662318
0.601529 0.615211
0.608852 0.622913
0.529907 0.540762
0.530199 0.604994
0.478233 0.630805
0.527486 0.61879
0.536323 0.542637
0.553686 0.582681
0.461734 0.545906
0.521961 0.595701
0.577682 0.60945
0.596961 0.602043
0.571378 0.658076
0.54884 0.572647
0.60451 0.622029
0.53116 0.597068
0.593282 0.653353
0.597374 0.677476
0.544965 0.59126
0.645683 0.660045
0.531183 0.55838
0.501775 0.620444
0.603065 0.640603
0.572735 0.582741
0.5784 0.629003
0.55793 0.590459
0.635013 0.665219
0.615491 0.659149
0.564187 0.668397
0.483409 0.635266
0.553451 0.567065
0.445622 0.470238
0.579596 0.644462
0.557754 0.596658
0.551185 0.607561
0.59629 0.633047
0.548768 0.62016
0.594736 0.629626
0.606018 0.608992
0.579054 0.605228
0.600852 0.640769
0.484805 0.594164
0.513313 0.585345
0.643803 0.646867
0.552558 0.572362
0.545115 0.609676
0.568787 0.586476
0.671227 0.68257
0.591969 0.602456
0.496716 0.656896
0.578852 0.619502
0.5732 0.594505
0.556805 0.573317
0.564425 0.587072
0.610695 0.617448
0.508922 0.540711
0.574304 0.658404
0.541951 0.587064
0.667308 0.678071
0.495724 0.621782
0.616559 0.62582
0.531299 0.545889
0.581432 0.615842
0.586782 0.620779
0.566796 0.632229
0.594089 0.607691
0.581987 0.630947
0.552324 0.611756
0.635774 0.652201
0.516409 0.57145
0.5155 0.521107
0.588572 0.676165
0.541276 0.639814
0.629347 0.632268
0.532666 0.619283
0.59737 0.597475
0.601167 0.626419
0.642394 0.643323
0.537239 0.609073
0.621387 0.630002
0.601167 0.626891
0.576248 0.592847
0.63636 0.641157
0.594259 0.605861
0.544103 0.615303
0.520808 0.593593
0.629953 0.64467
0.526714 0.615613
0.476775 0.592153
0.619012 0.638705
0.570558 0.587744
0.62257 0.631242
0.577494 0.614319
0.5712 0.651294
0.552432 0.563024
0.593292 0.59782
0.648807 0.649403
0.380813 0.502658
0.508747 0.557998
0.490744 0.594135
0.631504 0.63319
0.619155 0.638544
0.639819 0.668661
0.621128 0.66356
0.539596 0.552193
0.530966 0.59513
0.58669 0.61255
0.63095 0.633546
0.514523 0.598474
0.591436 0.59341
0.495997 0.561335
0.498706 0.606504
0.590954 0.616559
0.629952 0.639431
0.519723 0.632226
0.605894 0.626183
0.527486 0.541023
0.596766 0.598495
0.500164 0.618017
0.591626 0.655472
0.582404 0.62925
0.572599 0.590101
0.608852 0.610499
0.559522 0.625137
0.496488 0.61658
0.57066 0.606891
0.60505 0.618667
0.599845 0.61945
0.578065 0.59493
0.608752 0.618135
0.558247 0.591094
0.607887 0.614753
0.605659 0.616223
0.599496 0.619034
0.58844 0.617328
0.603561 0.609782
0.604076 0.606824
0.576463 0.61812
0.605657 0.652833
0.527979 0.55876
0.620906 0.62812
0.584541 0.612654
0.561815 0.575836
0.614444 0.615898
0.515436 0.54622
0.537229 0.541461
0.588145 0.619569
0.58553 0.614556
0.539915 0.660957
0.603827 0.628058
0.461734 0.662557
0.621514 0.62254
0.600535 0.62147
0.599277 0.60242
0.602533 0.651429
0.506439 0.604831
0.663703 0.673477
0.625143 0.633868
0.564979 0.582601
0.597304 0.63473
0.589604 0.624458
0.527972 0.632832
0.506101 0.604112
0.590811 0.621387
0.437428 0.593243
0.509157 0.572758
0.566226 0.642905
0.612732 0.629222
0.587753 0.595773
0.603282 0.613793
0.612806 0.625464
0.627466 0.647411
0.528833 0.572971
0.598164 0.628845
0.635773 0.656052
0.527647 0.531392
0.48988 0.617274
0.539377 0.594677
0.560265 0.598312
0.630954 0.655879
0.520623 0.587596
0.567104 0.602603
0.547377 0.619982
0.683502 0.687157
0.61394 0.643718
0.495405 0.577207
0.478879 0.623756
0.56622 0.609537
0.5675 0.595805
0.655005 0.664254
0.620332 0.627105
0.609321 0.643486
0.510516 0.620452
0.613941 0.628906
0.614242 0.620605
0.549127 0.616245
0.567299 0.641839
0.547279 0.616744
0.447131 0.53709
0.616505 0.630774
0.558368 0.586476
0.597382 0.613943
0.618214 0.621117
0.609213 0.617368
0.598992 0.648427
0.519296 0.596704
0.544103 0.580309
0.566475 0.605903
0.548071 0.608529
0.529304 0.551386
0.493671 0.528844
0.568606 0.592702
0.589691 0.62354
0.527069 0.593787
0.567566 0.579048
0.52488 0.586908
0.570372 0.624682
0.595149 0.596569
0.480431 0.59629
0.533434 0.546986
0.592724 0.599642
0.599955 0.695881
0.622312 0.662965
0.618254 0.631255
0.574346 0.574831
0.534565 0.535682
0.67112 0.67856
0.620533 0.648904
0.603803 0.60945
0.613943 0.617801
0.526974 0.573989
0.63675 0.643494
0.628185 0.666868
0.600545 0.617767
0.661455 0.679476
0.586795 0.628795
0.564211 0.564318
0.568537 0.598697
0.541103 0.572027
0.53137 0.545509
0.634804 0.654907
0.574349 0.60258
0.617637 0.62812
0.594538 0.645381
0.644891 0.663984
0.533323 0.54679
0.612167 0.647393
0.595211 0.608843
0.538103 0.629068
0.564792 0.574926
0.602533 0.614255
0.558244 0.56622
0.550325 0.574253
0.592275 0.592724
0.609111 0.630973
0.649704 0.669914
0.598933 0.624642
0.592236 0.618935
0.600136 0.620157
0.592881 0.597309
0.599444 0.604084
0.607196 0.626457
0.516451 0.571413
0.572605 0.631147
0.519296 0.659371
0.597992 0.603883
0.626025 0.631135
0.548772 0.646201
0.603377 0.613772
0.508747 0.564792
0.592877 0.605329
0.563773 0.571413
0.639337 0.669437
0.570501 0.610273
0.630356 0.659947
0.573354 0.600972
0.575191 0.578543
0.541905 0.554243
0.564792 0.572872
0.553929 0.596554
0.599853 0.673693
0.582404 0.583269
0.540356 0.600292
0.583439 0.645294
0.480663 0.628845
0.58654 0.606985
0.602632 0.617099
0.497861 0.546205
0.552002 0.615383
0.527069 0.550947
0.638556 0.640292
0.609137 0.661455
0.531002 0.536357
0.63507 0.659786
0.609898 0.614652
0.51525 0.541276
0.554528 0.60861
0.606618 0.628779
0.53771 0.588205
0.584712 0.624998
0.556723 0.560552
0.511599 0.558326
0.561587 0.625055
0.591693 0.612737
0.518373 0.532063
0.573099 0.600851
0.554528 0.589686
0.571832 0.631483
0.606509 0.618268
0.47877 0.515693
0.572447 0.619842
0.529704 0.574821
0.542473 0.568609
0.609178 0.609435
0.523527 0.562923
0.591365 0.621584
0.548807 0.632
0.555333 0.628836
0.626961 0.6348
0.602758 0.604396
0.638169 0.670556
0.601587 0.669865
0.621072 0.634843
0.573565 0.589791
0.604297 0.625024
0.628518 0.67155
0.632908 0.645825
0.479801 0.627132
0.5748 0.576725
0.628117 0.670107
0.584369 0.597751
0.549161 0.590811
0.621868 0.631697
0.498609 0.591732
0.502735 0.572025
0.53537 0.61443
0.635615 0.652784
0.615133 0.617514
0.48077 0.581724
0.540031 0.57082
0.497189 0.613798
0.634012 0.639625
0.599442 0.614803
0.573989 0.57401
0.626521 0.631199
0.567351 0.578864
0.610147 0.615555
0.580509 0.620048
0.590398 0.603239
0.545522 0.600979
0.569614 0.599803
0.545115 0.570884
0.606388 0.619462
0.644637 0.671563
0.530405 0.572447
0.557961 0.571463
0.437428 0.510359
0.614316 0.654836
0.528085 0.537104
0.611411 0.654883
0.644092 0.650162
0.594251 0.617335
0.619196 0.638275
0.537772 0.644129
0.510481 0.628405
0.568914 0.591928
0.491223 0.605067
0.63636 0.652477
0.506101 0.532666
0.544276 0.644441
0.588572 0.642946
0.611632 0.623514
0.522024 0.597829
0.578796 0.595375
0.40237 0.672665
0.547143 0.593392
0.651036 0.665226
0.511223 0.632992
0.56842 0.57155
0.637134 0.638999
0.564382 0.663766
0.509143 0.619419
0.565053 0.604431
0.599605 0.633144
0.552301 0.557818
0.648632 0.683018
0.505356 0.548796
0.515221 0.574775
0.60546 0.65193
0.530511 0.655771
0.594125 0.664164
0.580723 0.581162
0.577286 0.619808
0.563086 0.596247
0.482036 0.644412
0.600985 0.614391
0.510709 0.557034
0.621729 0.625799
0.518373 0.527972
0.509163 0.551607
0.627817 0.629629
0.561587 0.595408
0.619761 0.663487
0.63767 0.639608
0.54679 0.621263
0.537243 0.545214
0.600938 0.633124
0.616006 0.618202
0.523704 0.555118
0.559523 0.614823
0.510766 0.596153
0.610849 0.616651
0.635002 0.668638
0.626354 0.637564
0.619976 0.673882
0.598235 0.603561
0.612779 0.637022
0.603715 0.61338
0.621793 0.625269
0.631113 0.675939
0.620921 0.643139
0.56124 0.590248
0.616704 0.641056
0.447131 0.469897
0.483582 0.53537
0.576088 0.585071
0.530855 0.545214
0.644776 0.648335
0.567764 0.568083
0.496488 0.589791
0.580756 0.597037
0.636723 0.637851
0.56191 0.593443
0.560582 0.567139
0.602001 0.623756
0.486393 0.637772
0.568329 0.601814
0.615813 0.623628
0.579471 0.593953
0.539461 0.571463
0.547279 0.568473
0.552367 0.615026
0.64196 0.649103
0.577693 0.630047
0.633665 0.648024
0.639503 0.646222
0.592942 0.61497
0.572405 0.574775
0.559063 0.565729
0.611622 0.624126
0.580298 0.623103
0.606868 0.614231
0.641788 0.664234
0.581635 0.581759
0.623689 0.637195
0.575416 0.594204
0.578382 0.642906
0.609564 0.613596
0.574182 0.59975
0.520208 0.60106
0.541023 0.598746
0.654587 0.656252
0.601632 0.614869
0.561342 0.579166
0.592932 0.593839
0.548796 0.629024
0.509918 0.611829
0.60812 0.617846
0.595142 0.599605
0.505356 0.56125
0.496716 0.598737
0.578235 0.639967
0.620707 0.637602
0.536717 0.648891
0.502735 0.57714
0.641998 0.646173
0.553192 0.618828
0.609676 0.62701
0.612015 0.61606
0.511392 0.612571
0.620168 0.622792
0.510359 0.578864
0.58899 0.596167
0.513142 0.61806
0.633549 0.639815
0.618299 0.627972
0.572655 0.633653
0.529266 0.550113
0.605005 0.636636
0.59205 0.606646
0.6245 0.639791
0.623192 0.62993
0.502461 0.525837
0.548175 0.630002
0.646238 0.647411
0.624682 0.633546
0.573347 0.632851
0.580292 0.606065
0.581745 0.613596
0.609598 0.625914
0.549161 0.584751
0.540711 0.633868
0.573317 0.577378
0.573028 0.632746
0.59231 0.618516
0.503822 0.57712
0.490547 0.616034
0.63171 0.646616
0.597467 0.619755
0.489147 0.573901
0.601634 0.622748
0.628787 0.67121
0.581556 0.590199
0.58608 0.602529
0.585357 0.613812
0.63436 0.64563
0.614125 0.645825
0.658737 0.666683
0.516256 0.589692
0.658124 0.667534
0.51948 0.55665
0.597869 0.61515
0.637223 0.641424
0.61625 0.628681
0.63228 0.63519
0.603288 0.617587
0.566919 0.585742
0.483582 0.655744
0.596296 0.59737
0.636473 0.64514
0.591565 0.638784
0.441685 0.553451
0.562207 0.626444
0.539261 0.602017
0.623193 0.632609
0.585546 0.598361
0.562466 0.602753
0.503189 0.6133
0.614823 0.617947
0.59983 0.600995
0.620759 0.645248
0.556805 0.559193
0.582699 0.648728
0.536058 0.651286
0.544809 0.600938
0.610671 0.629331
0.643987 0.673362
0.610695 0.611559
0.429217 0.54923
0.658695 0.672195
0.589999 0.606985
0.61352 0.645269
0.598634 0.632329
0.553686 0.648015
0.582724 0.636636
0.624268 0.630774
0.630613 0.667001
0.645078 0.654805
0.651429 0.664064
0.573159 0.639401
0.590255 0.62002
0.543362 0.640223
0.533637 0.618418
0.568348 0.604732
0.635799 0.636265
0.617099 0.653418
0.589504 0.61864
0.614317 0.671955
0.571849 0.585011
0.530892 0.649827
0.514974 0.569767
0.550254 0.616048
0.552324 0.617805
0.555565 0.557818
0.649012 0.656277
0.486393 0.581162
0.56561 0.582757
0.615208 0.623677
0.503335 0.560798
0.556685 0.560255
0.658321 0.665173
0.485091 0.509163
0.624852 0.639588
0.575707 0.59086
0.610383 0.625958
0.567041 0.59858
0.595398 0.610273
0.583914 0.591019
0.61236 0.620748
0.600421 0.655668
0.629288 0.633948
0.616287 0.639263
0.519879 0.615044
0.547377 0.678019
0.532063 0.591365
0.588534 0.613229
0.429854 0.561344
0.542771 0.586373
0.492202 0.525905
0.515899 0.598406
0.605526 0.626444
0.599636 0.628512
0.568272 0.61213
0.606222 0.612312
0.588024 0.595507
0.603065 0.639225
0.564318 0.581001
0.48644 0.528527
0.587138 0.648075
0.614139 0.625252
0.580309 0.636924
0.476277 0.6109
0.547559 0.588273
0.543068 0.589846
0.687729 0.69746
0.568083 0.602104
0.578692 0.604273
0.611134 0.633315
0.497198 0.600631
0.642669 0.650534
0.597992 0.614533
0.546995 0.623193
0.607185 0.619279
0.593188 0.598992
0.472061 0.616822
0.562274 0.612015
0.522024 0.541732
0.52632 0.608118
0.484805 0.563773
0.622979 0.64469
0.602489 0.605763
0.517722 0.624987
0.574702 0.576088
0.624255 0.651393
0.543708 0.626812
0.409604 0.484259
0.595805 0.662668
0.590588 0.629236
0.56975 0.632329
0.528088 0.679428
0.661828 0.665242
0.585176 0.635743
0.508377 0.656679
0.611677 0.616626
0.537685 0.601416
0.575981 0.581432
0.500164 0.585544
0.609803 0.617559
0.549345 0.632026
0.536323 0.579834
0.599955 0.649904
0.675538 0.686624
0.500563 0.60242
0.567421 0.640862
0.571484 0.599337
0.5732 0.660771
0.608902 0.639248
0.606824 0.621798
0.616559 0.627242
0.572332 0.656646
0.585684 0.613409
0.641831 0.668455
0.621969 0.633989
0.569621 0.615921
0.485091 0.497079
0.603288 0.614963
0.539091 0.591471
0.504758 0.576181
0.617236 0.619823
0.570929 0.61835
0.541929 0.627302
0.497608 0.609238
0.442839 0.548639
0.513366 0.586817
0.510012 0.566807
0.545649 0.587753
0.600631 0.665714
0.566904 0.656868
0.578724 0.611632
0.570372 0.64108
0.672868 0.685692
0.633839 0.634668
0.558163 0.597056
0.545064 0.57066
0.587929 0.631518
0.531564 0.605571
0.520808 0.532008
0.546205 0.597753
0.596104 0.60867
0.599442 0.65181
0.536759 0.565042
0.567514 0.608731
0.586084 0.644031
0.593388 0.602219
0.597287 0.615571
0.557186 0.627261
0.559456 0.576181
0.534193 0.584751
0.494953 0.601131
0.580956 0.635257
0.626183 0.649981
0.579602 0.586085
0.517529 0.614255
0.595234 0.59836
0.606646 0.623198
0.477278 0.55973
0.642164 0.64609
0.54393 0.572714
0.563917 0.606521
0.614714 0.633124
0.641743 0.644399
0.457151 0.573165
0.628845 0.649712
0.539558 0.550866
0.556425 0.657203
0.628125 0.652161
0.588911 0.611134
0.548048 0.564337
0.470238 0.668614
0.527549 0.581843
0.594771 0.597309
0.548273 0.558603
0.594858 0.594974
0.508254 0.62107
0.564711 0.592318
0.519879 0.536759
0.494316 0.630949
0.588039 0.600903
0.478879 0.618536
0.540022 0.558095
0.598005 0.61255
0.581119 0.585593
0.598328 0.625166
0.645683 0.659874
0.590477 0.599845
0.5868 0.625904
0.517324 0.552953
0.526079 0.625449
0.553418 0.570509
0.590255 0.598727
0.620851 0.629975
0.48644 0.568353
0.603572 0.648304
0.528085 0.55876
0.50963 0.547712
0.650292 0.659483
0.542473 0.621824
0.57547 0.611038
0.588455 0.611885
0.546394 0.641198
0.585452 0.598263
0.595527 0.610945
0.585496 0.586857
0.559094 0.55945
0.559522 0.643541
0.562978 0.597384
0.648699 0.65006
0.596554 0.615527
0.544816 0.570655
0.577286 0.635162
0.622171 0.671244
0.628386 0.635143
0.628355 0.629739
0.593581 0.638546
0.605005 0.680461
0.555736 0.569767
0.538325 0.619629
0.583914 0.59939
0.514974 0.572982
0.397405 0.61953
0.59053 0.595778
0.589657 0.634786
0.480895 0.545906
0.460831 0.5986
0.582704 0.621727
0.573598 0.595918
0.442311 0.5155
0.539157 0.544739
0.602043 0.609838
0.614084 0.635328
0.562833 0.65056
0.604297 0.605571
0.596009 0.607326
0.650576 0.650678
0.633057 0.637615
0.550769 0.558847
0.614594 0.634801
0.539006 0.625937
0.55973 0.589504
0.564211 0.596692
0.582792 0.619061
0.632584 0.668661
0.631568 0.65078
0.546229 0.571278
0.56565 0.631641
0.613508 0.647509
0.563086 0.611752
0.506968 0.65909
0.608285 0.628332
0.597287 0.598579
0.428085 0.681738
0.549626 0.664236
0.515186 0.537243
0.592799 0.639209
0.486742 0.602844
0.495724 0.619077
0.623182 0.643737
0.554859 0.598321
0.618408 0.632835
0.598553 0.612145
0.537772 0.564512
0.535682 0.577404
0.580714 0.611652
0.550254 0.582467
0.566378 0.622792
0.624126 0.639158
0.496234 0.532198
0.572214 0.585684
0.531038 0.607887
0.490103 0.498181
0.485431 0.577112
0.639588 0.65494
0.647476 0.65636
0.616593 0.62118
0.569745 0.594777
0.550113 0.565861
0.542771 0.590387
0.564337 0.586269
0.513366 0.656698
0.670163 0.679267
0.606717 0.615781
0.634933 0.654376
0.54414 0.590459
0.563168 0.602636
0.642275 0.647218
0.471713 0.540115
0.480663 0.519059
0.584879 0.598293
0.552444 0.580956
0.577961 0.601582
0.584405 0.628249
0.585071 0.647229
0.475956 0.490103
0.580714 0.625252
0.577982 0.592942
0.494953 0.553578
0.633637 0.642125
0.589221 0.63486
0.554938 0.60833
0.521618 0.548807
0.586179 0.623567
0.523585 0.546277
0.570884 0.587744
0.592948 0.622871
0.579641 0.580973
0.636507 0.645013
0.524341 0.591436
0.614742 0.620365
0.548273 0.567029
0.601194 0.644435
0.63983 0.642228
0.61497 0.633788
0.562688 0.588653
0.55711 0.601497
0.597372 0.628517
0.509148 0.64796
0.628355 0.66433
0.626766 0.628081
0.617177 0.654993
0.623148 0.636328
0.513142 0.598293
0.571555 0.657442
0.563536 0.614942
0.556425 0.677825
0.563439 0.621923
0.612658 0.621281
0.620046 0.643464
0.573099 0.585525
0.62292 0.635932
0.475612 0.495556
0.626521 0.685952
0.551303 0.598005
0.614418 0.64405
0.57679 0.589221
0.617448 0.630613
0.644662 0.653031
0.480431 0.641025
0.630805 0.655836
0.603442 0.605456
0.497861 0.644366
0.660694 0.664671
0.48193 0.56975
0.586496 0.633853
0.572405 0.617366
0.573028 0.614089
0.53788 0.589957
0.628465 0.635824
0.560825 0.576982
0.604273 0.611241
0.480895 0.588918
0.600329 0.609889
0.599936 0.61008
0.600055 0.601582
0.567351 0.669303
0.578572 0.584065
0.58844 0.650013
0.53771 0.556936
0.445451 0.588146
0.633462 0.652992
0.516256 0.596704
0.651274 0.656516
0.547559 0.637345
0.509042 0.549345
0.560798 0.604125
0.598924 0.615986
0.513476 0.627623
0.642081 0.658854
0.662543 0.667552
0.471176 0.584193
0.461144 0.541729
0.59387 0.6127
0.509807 0.523096
0.56524 0.630692
0.483736 0.509143
0.558279 0.639299
0.575836 0.63818
0.563879 0.637418
0.634969 0.638629
0.620831 0.683538
0.576248 0.598924
0.588013 0.588165
0.636384 0.652209
0.627502 0.6641
0.629691 0.631927
0.496202 0.576982
0.51271 0.549725
0.51271 0.580509
0.62969 0.629781
0.594697 0.632589
0.628887 0.646735
0.619479 0.64464
0.521618 0.638369
0.650446 0.657701
0.512034 0.633799
0.519768 0.618408
0.604968 0.644516
0.619177 0.635913
0.515716 0.65736
0.397405 0.53423
0.600852 0.609058
0.388516 0.537104
0.594228 0.605059
0.550507 0.554859
0.494316 0.61981
0.617154 0.626288
0.517786 0.596831
0.58825 0.662181
0.507242 0.561141
0.562968 0.568329
0.613077 0.624101
0.585056 0.594017
0.54427 0.603933
0.509148 0.515186
0.517722 0.582874
0.580292 0.610101
0.629222 0.637633
0.585176 0.59053
0.54414 0.640722
0.530171 0.588032
0.59005 0.660596
0.589909 0.602097
0.589389 0.61338
0.627502 0.633828
0.541135 0.597288
0.547561 0.607619
0.645972 0.647286
0.539091 0.623408
0.613986 0.622702
0.599489 0.616646
0.615358 0.648764
0.522612 0.549725
0.659891 0.691591
0.559528 0.614139
0.614089 0.649224
0.639504 0.673328
0.586049 0.632486
0.5502 0.609503
0.534343 0.618838
0.590897 0.604675
0.49772 0.625933
0.539261 0.568008
0.516451 0.579048
0.477278 0.559765
0.545099 0.593145
0.635563 0.638372
0.607444 0.625158
0.482036 0.594777
0.598406 0.645556
0.551403 0.611217
0.519337 0.628122
0.57447 0.622859
0.596145 0.642522
0.513906 0.560544
0.56385 0.61352
0.427442 0.619629
0.526521 0.564018
0.609442 0.61008
0.389821 0.553578
0.515436 0.599337
0.551488 0.61921
0.562754 0.596831
0.62022 0.637488
0.569246 0.585525
0.575809 0.587722
0.624987 0.6382
0.430921 0.598472
0.544816 0.551992
0.58782 0.60505
0.542232 0.562507
0.566139 0.599483
0.534978 0.636097
0.508233 0.610253
0.541951 0.598837
0.602599 0.635716
0.549557 0.614415
0.613365 0.624356
0.615986 0.635088
0.497608 0.54622
0.620422 0.639974
0.582757 0.587696
0.586266 0.586456
0.51521 0.614309
0.583574 0.603521
0.655651 0.664095
0.590588 0.604211
0.642818 0.650954
0.57679 0.589604
0.513313 0.519411
0.509042 0.560693
0.669618 0.679356
0.663348 0.666927
0.49566 0.555333
0.619982 0.622979
0.537172 0.589846
0.592524 0.595918
0.54393 0.589043
0.587611 0.596898
0.645354 0.645641
0.537685 0.552278
0.596247 0.631535
0.524942 0.625933
0.592199 0.612382
0.575312 0.582788
0.598441 0.602502
0.541126 0.545889
0.514412 0.562421
0.592725 0.653662
0.614969 0.619447
0.563439 0.589568
0.618875 0.632951
0.631258 0.67483
0.559583 0.624351
0.572214 0.580625
0.429217 0.491552
0.613418 0.641081
0.446781 0.510541
0.593767 0.602346
0.631697 0.634917
0.548048 0.567423
0.466032 0.592236
0.500082 0.583169
0.576515 0.589319
0.455796 0.558355
0.535093 0.591204
0.552058 0.60839
0.585701 0.648187
0.556544 0.603437
0.580624 0.627732
0.600972 0.612145
0.466032 0.6064
0.563256 0.587749
0.632 0.633312
0.523747 0.633806
0.614437 0.644751
0.620078 0.649324
0.501862 0.611388
0.554797 0.56191
0.593217 0.595363
0.588606 0.621341
0.559666 0.616651
0.596074 0.639819
0.566522 0.630021
0.558368 0.606065
0.490245 0.510481
0.564402 0.567864
0.601426 0.634348
0.609165 0.615026
0.605484 0.621072
0.561342 0.595375
0.648295 0.65346
0.579834 0.594261
0.441685 0.510541
0.588145 0.600364
0.511223 0.584065
0.582788 0.598749
0.482796 0.543708
0.500563 0.622612
0.558492 0.628125
0.508233 0.601828
0.637186 0.644597
0.512176 0.531002
0.617637 0.675737
0.539915 0.628609
0.623182 0.631147
0.599387 0.64144
0.607444 0.622902
0.559666 0.576154
0.624887 0.631162
0.570509 0.586328
0.521961 0.631514
0.616797 0.626713
0.622134 0.640163
0.509157 0.572655
0.574012 0.613731
0.568984 0.575707
0.533503 0.625584
0.565955 0.608205
0.512034 0.619581
0.593243 0.625198
0.57436 0.586049
0.53137 0.575008
0.48193 0.580767
0.567514 0.584148
0.581635 0.616437
0.548768 0.592082
0.616744 0.625269
0.62005 0.632432
0.579148 0.638088
0.560162 0.621886
0.543068 0.609907
0.585155 0.617485
0.566378 0.616203
0.617708 0.641311
0.553418 0.557034
0.57155 0.64464
0.622171 0.630933
0.582467 0.598933
0.564711 0.64005
0.572145 0.629105
0.626594 0.633404
0.624577 0.667065
0.613544 0.616796
0.612732 0.649793
0.573011 0.598943
0.603502 0.639299
0.561543 0.637752
0.602001 0.646532
0.604885 0.60839
0.577404 0.617256
0.559456 0.590263
0.591312 0.598441
0.606522 0.612896
0.628185 0.664075
0.598264 0.602632
0.584541 0.586857
0.57733 0.605036
0.524341 0.576515
0.434531 0.599795
0.560552 0.591471
0.603437 0.628904
0.588653 0.612283
0.632601 0.640742
0.584712 0.613857
0.475612 0.574315
0.593392 0.630063
0.589302 0.63899
0.61515 0.635415
0.522398 0.545108
0.60054 0.628465
0.541103 0.592849
0.620207 0.630028
0.571378 0.612737
0.501862 0.541929
0.519723 0.627394
0.579957 0.603219
0.615698 0.651375
0.557186 0.623644
0.580607 0.614479
0.579 0.588273
0.640666 0.645647
0.59971 0.630525
0.638968 0.648823
0.579 0.599971
0.565554 0.575809
0.636637 0.649692
0.575044 0.637802
0.635583 0.635824
0.575741 0.605576
0.599277 0.630193
0.46642 0.540031
0.62257 0.628252
0.51948 0.596296
0.543478 0.575596
0.652989 0.666508
0.588909 0.593839
0.558244 0.598553
0.531338 0.645096
0.592702 0.630525
0.592082 0.616889
0.583269 0.60542
0.551499 0.590877
0.539596 0.608329
0.571195 0.58553
0.564595 0.613698
0.623198 0.643508
0.41856 0.607392
0.595773 0.632917
0.610046 0.664834
0.53984 0.619177
0.573747 0.596766
0.53984 0.615907
0.501663 0.56099
0.505429 0.553635
0.589957 0.631535
0.621424 0.64566
0.573354 0.607747
0.546746 0.614243
0.569621 0.614319
0.563917 0.589794
0.517359 0.564425
0.558036 0.603419
0.622217 0.628165
0.507123 0.615303
0.560009 0.570929
0.583439 0.611103
0.625431 0.641194
0.613081 0.647472
0.601538 0.634245
0.557937 0.604116
0.465936 0.581197
0.644473 0.657959
0.570558 0.623334
0.619502 0.630677
0.600903 0.644629
0.59836 0.64144
0.573238 0.585544
0.607561 0.616626
0.622482 0.632574
0.5675 0.660619
0.62597 0.653419
0.552367 0.606539
0.552278 0.562968
0.512619 0.618516
0.564865 0.577415
0.430921 0.588797
0.517324 0.609471
0.546394 0.648432
0.584527 0.603419
0.652225 0.657156
0.587929 0.610651
0.455796 0.57505
0.622332 0.638385
0.398062 0.610214
0.409604 0.560255
0.556544 0.572735
0.579596 0.587722
0.631598 0.634774
0.581724 0.599371
0.553929 0.633376
0.57853 0.62354
0.606968 0.619479
0.582699 0.599853
0.553963 0.579
0.479801 0.601814
0.618838 0.64874
0.429854 0.503583
0.610443 0.613067
0.572645 0.607607
0.528844 0.568348
0.639348 0.641736
0.52925 0.548622
0.598434 0.616797
0.590101 0.596935
0.595893 0.610715
0.545268 0.59387
0.647239 0.666705
0.592849 0.618043
0.585593 0.593909
0.640836 0.660947
0.522467 0.583131
0.544347 0.57564
0.621775 0.622962
0.605673 0.608179
0.476775 0.589631
0.448012 0.572269
0.567139 0.609358
0.510516 0.52677
0.59741 0.649012
0.434531 0.618842
0.50963 0.614084
0.647228 0.648197
0.551928 0.623462
0.562207 0.639651
0.508254 0.602796
0.638372 0.650576
0.528088 0.558083
0.639075 0.653606
0.606509 0.659529
0.630947 0.649844
0.508922 0.609803
0.597786 0.653703
0.624676 0.635415
0.60953 0.636272
0.61113 0.612383
0.575416 0.649399
0.631113 0.642818
0.589326 0.613972
0.591658 0.594972
0.568008 0.580273
0.527303 0.585155
0.567069 0.614556
0.529907 0.580625
0.582323 0.595408
0.485769 0.604675
0.618842 0.629691
0.575741 0.602827
0.629859 0.633597
0.536224 0.552578
0.624351 0.648738
0.588106 0.626667
0.566919 0.581006
0.63228 0.636729
0.610935 0.6127
0.581754 0.598047
0.558104 0.591213
0.62541 0.658041
0.545321 0.55948
0.486832 0.582356
0.614461 0.634192
0.6101 0.623192
0.580723 0.619447
0.591378 0.607014
0.59858 0.623198
0.541832 0.620444
0.547014 0.57733
0.388516 0.60179
0.606646 0.609129
0.574078 0.621988
0.597467 0.621782
0.576611 0.65103
0.568272 0.571832
0.442311 0.609358
0.629554 0.638311
0.600928 0.61138
0.534942 0.559362
0.619914 0.633819
0.611776 0.624196
0.596537 0.596791
0.546986 0.589604
0.603892 0.614316
0.585787 0.5986
0.508377 0.622748
0.581984 0.597475
0.586475 0.633478
0.583717 0.603017
0.595234 0.605607
0.589909 0.64639
0.598487 0.670929
0.574259 0.594251
0.563313 0.634443
0.537978 0.575981
0.515221 0.623551
0.582477 0.585465
0.56107 0.609321
0.521509 0.618981
0.572605 0.638802
0.62492 0.634917
0.610633 0.630193
0.493948 0.58775
0.64563 0.647014
0.614106 0.629474
0.576611 0.608073
0.545099 0.60461
0.626598 0.639856
0.521346 0.633597
0.496234 0.5639
0.58609 0.601426
